0.000000000000000000e+00
2.500000000000000139e-02
5.000000000000000278e-02
7.500000000000001110e-02
1.000000000000000056e-01
1.250000000000000000e-01
1.500000000000000222e-01
1.750000000000000167e-01
2.000000000000000111e-01
2.250000000000000056e-01
2.500000000000000000e-01
2.750000000000000222e-01
3.000000000000000444e-01
3.250000000000000111e-01
3.500000000000000333e-01
3.750000000000000000e-01
4.000000000000000222e-01
4.250000000000000444e-01
4.500000000000000111e-01
4.750000000000000333e-01
5.000000000000000000e-01
5.250000000000000222e-01
5.500000000000000444e-01
5.750000000000000666e-01
6.000000000000000888e-01
6.250000000000000000e-01
6.500000000000000222e-01
6.750000000000000444e-01
7.000000000000000666e-01
7.250000000000000888e-01
7.500000000000000000e-01
7.750000000000000222e-01
8.000000000000000444e-01
8.250000000000000666e-01
8.500000000000000888e-01
8.750000000000000000e-01
9.000000000000000222e-01
9.250000000000000444e-01
9.500000000000000666e-01
9.750000000000000888e-01
1.000000000000000000e+00
1.025000000000000133e+00
1.050000000000000044e+00
1.074999999999999956e+00
1.100000000000000089e+00
1.125000000000000000e+00
1.150000000000000133e+00
1.175000000000000044e+00
1.200000000000000178e+00
1.225000000000000089e+00
1.250000000000000000e+00
1.275000000000000133e+00
1.300000000000000044e+00
1.325000000000000178e+00
1.350000000000000089e+00
1.375000000000000000e+00
1.400000000000000133e+00
1.425000000000000044e+00
1.450000000000000178e+00
1.475000000000000089e+00
1.500000000000000000e+00
1.525000000000000133e+00
1.550000000000000044e+00
1.575000000000000178e+00
1.600000000000000089e+00
1.625000000000000000e+00
1.650000000000000133e+00
1.675000000000000044e+00
1.700000000000000178e+00
1.725000000000000089e+00
1.750000000000000000e+00
1.775000000000000133e+00
1.800000000000000044e+00
1.825000000000000178e+00
1.850000000000000089e+00
1.875000000000000000e+00
1.900000000000000133e+00
1.925000000000000044e+00
1.950000000000000178e+00
1.975000000000000089e+00
2.000000000000000000e+00
2.024999999999999911e+00
2.050000000000000266e+00
2.075000000000000178e+00
2.100000000000000089e+00
2.125000000000000000e+00
2.149999999999999911e+00
2.175000000000000266e+00
2.200000000000000178e+00
2.225000000000000089e+00
2.250000000000000000e+00
2.274999999999999911e+00
2.300000000000000266e+00
2.325000000000000178e+00
2.350000000000000089e+00
2.375000000000000000e+00
2.400000000000000355e+00
2.425000000000000266e+00
2.450000000000000178e+00
2.475000000000000089e+00
2.500000000000000000e+00
2.525000000000000355e+00
2.550000000000000266e+00
2.575000000000000178e+00
2.600000000000000089e+00
2.625000000000000000e+00
2.650000000000000355e+00
2.675000000000000266e+00
2.700000000000000178e+00
2.725000000000000089e+00
2.750000000000000000e+00
2.775000000000000355e+00
2.800000000000000266e+00
2.825000000000000178e+00
2.850000000000000089e+00
2.875000000000000000e+00
2.900000000000000355e+00
2.925000000000000266e+00
2.950000000000000178e+00
2.975000000000000089e+00
3.000000000000000000e+00
3.025000000000000355e+00
3.050000000000000266e+00
3.075000000000000178e+00
3.100000000000000089e+00
3.125000000000000000e+00
3.150000000000000355e+00
3.175000000000000266e+00
3.200000000000000178e+00
3.225000000000000089e+00
3.250000000000000000e+00
3.275000000000000355e+00
3.300000000000000266e+00
3.325000000000000178e+00
3.350000000000000089e+00
3.375000000000000000e+00
3.400000000000000355e+00
3.425000000000000266e+00
3.450000000000000178e+00
3.475000000000000089e+00
3.500000000000000000e+00
3.525000000000000355e+00
3.550000000000000266e+00
3.575000000000000178e+00
3.600000000000000089e+00
3.625000000000000000e+00
3.650000000000000355e+00
3.675000000000000266e+00
3.700000000000000178e+00
3.725000000000000089e+00
3.750000000000000000e+00
3.775000000000000355e+00
3.800000000000000266e+00
3.825000000000000178e+00
3.850000000000000089e+00
3.875000000000000000e+00
3.900000000000000355e+00
3.925000000000000266e+00
3.950000000000000178e+00
3.975000000000000089e+00
4.000000000000000000e+00
4.025000000000000355e+00
4.049999999999999822e+00
4.075000000000000178e+00
4.100000000000000533e+00
4.125000000000000000e+00
4.150000000000000355e+00
4.174999999999999822e+00
4.200000000000000178e+00
4.225000000000000533e+00
4.250000000000000000e+00
4.275000000000000355e+00
4.299999999999999822e+00
4.325000000000000178e+00
4.350000000000000533e+00
4.375000000000000000e+00
4.400000000000000355e+00
4.424999999999999822e+00
4.450000000000000178e+00
4.475000000000000533e+00
4.500000000000000000e+00
4.525000000000000355e+00
4.549999999999999822e+00
4.575000000000000178e+00
4.600000000000000533e+00
4.625000000000000000e+00
4.650000000000000355e+00
4.674999999999999822e+00
4.700000000000000178e+00
4.725000000000000533e+00
4.750000000000000000e+00
4.775000000000000355e+00
4.800000000000000711e+00
4.825000000000000178e+00
4.850000000000000533e+00
4.875000000000000000e+00
4.900000000000000355e+00
4.925000000000000711e+00
4.950000000000000178e+00
4.975000000000000533e+00
5.000000000000000000e+00
5.025000000000000355e+00
5.050000000000000711e+00
5.075000000000000178e+00
5.100000000000000533e+00
5.125000000000000000e+00
5.150000000000000355e+00
5.175000000000000711e+00
5.200000000000000178e+00
5.225000000000000533e+00
5.250000000000000000e+00
5.275000000000000355e+00
5.300000000000000711e+00
5.325000000000000178e+00
5.350000000000000533e+00
5.375000000000000000e+00
5.400000000000000355e+00
5.425000000000000711e+00
5.450000000000000178e+00
5.475000000000000533e+00
5.500000000000000000e+00
5.525000000000000355e+00
5.550000000000000711e+00
5.575000000000000178e+00
5.600000000000000533e+00
5.625000000000000000e+00
5.650000000000000355e+00
5.675000000000000711e+00
5.700000000000000178e+00
5.725000000000000533e+00
5.750000000000000000e+00
5.775000000000000355e+00
5.800000000000000711e+00
5.825000000000000178e+00
5.850000000000000533e+00
5.875000000000000000e+00
5.900000000000000355e+00
5.925000000000000711e+00
5.950000000000000178e+00
5.975000000000000533e+00
6.000000000000000000e+00
6.025000000000000355e+00
6.050000000000000711e+00
6.075000000000000178e+00
6.100000000000000533e+00
6.125000000000000000e+00
6.150000000000000355e+00
6.175000000000000711e+00
6.200000000000000178e+00
6.225000000000000533e+00
6.250000000000000000e+00
6.275000000000000355e+00
6.300000000000000711e+00
6.325000000000000178e+00
6.350000000000000533e+00
6.375000000000000000e+00
6.400000000000000355e+00
6.425000000000000711e+00
6.450000000000000178e+00
6.475000000000000533e+00
6.500000000000000000e+00
6.525000000000000355e+00
6.550000000000000711e+00
6.575000000000000178e+00
6.600000000000000533e+00
6.625000000000000000e+00
6.650000000000000355e+00
6.675000000000000711e+00
6.700000000000000178e+00
6.725000000000000533e+00
6.750000000000000000e+00
6.775000000000000355e+00
6.800000000000000711e+00
6.825000000000000178e+00
6.850000000000000533e+00
6.875000000000000000e+00
6.900000000000000355e+00
6.925000000000000711e+00
6.950000000000000178e+00
6.975000000000000533e+00
7.000000000000000000e+00
7.025000000000000355e+00
7.050000000000000711e+00
7.075000000000000178e+00
7.100000000000000533e+00
7.125000000000000000e+00
7.150000000000000355e+00
7.175000000000000711e+00
7.200000000000000178e+00
7.225000000000000533e+00
7.250000000000000000e+00
7.275000000000000355e+00
7.300000000000000711e+00
7.325000000000000178e+00
7.350000000000000533e+00
7.375000000000000000e+00
7.400000000000000355e+00
7.425000000000000711e+00
7.450000000000000178e+00
7.475000000000000533e+00
7.500000000000000000e+00
7.525000000000000355e+00
7.550000000000000711e+00
7.575000000000000178e+00
7.600000000000000533e+00
7.625000000000000000e+00
7.650000000000000355e+00
7.675000000000000711e+00
7.700000000000000178e+00
7.725000000000000533e+00
7.750000000000000000e+00
7.775000000000000355e+00
7.800000000000000711e+00
7.825000000000000178e+00
7.850000000000000533e+00
7.875000000000000000e+00
7.900000000000000355e+00
7.925000000000000711e+00
7.950000000000000178e+00
7.975000000000000533e+00
8.000000000000000000e+00
8.025000000000000355e+00
8.050000000000000711e+00
8.075000000000001066e+00
8.099999999999999645e+00
8.125000000000000000e+00
8.150000000000000355e+00
8.175000000000000711e+00
8.200000000000001066e+00
8.224999999999999645e+00
8.250000000000000000e+00
8.275000000000000355e+00
8.300000000000000711e+00
8.325000000000001066e+00
8.349999999999999645e+00
8.375000000000000000e+00
8.400000000000000355e+00
8.425000000000000711e+00
8.450000000000001066e+00
8.474999999999999645e+00
8.500000000000000000e+00
8.525000000000000355e+00
8.550000000000000711e+00
8.575000000000001066e+00
8.599999999999999645e+00
8.625000000000000000e+00
8.650000000000000355e+00
8.675000000000000711e+00
8.700000000000001066e+00
8.724999999999999645e+00
8.750000000000000000e+00
8.775000000000000355e+00
8.800000000000000711e+00
8.825000000000001066e+00
8.849999999999999645e+00
8.875000000000000000e+00
8.900000000000000355e+00
8.925000000000000711e+00
8.950000000000001066e+00
8.974999999999999645e+00
9.000000000000000000e+00
9.025000000000000355e+00
9.050000000000000711e+00
9.075000000000001066e+00
9.099999999999999645e+00
9.125000000000000000e+00
9.150000000000000355e+00
9.175000000000000711e+00
9.200000000000001066e+00
9.224999999999999645e+00
9.250000000000000000e+00
9.275000000000000355e+00
9.300000000000000711e+00
9.325000000000001066e+00
9.349999999999999645e+00
9.375000000000000000e+00
9.400000000000000355e+00
9.425000000000000711e+00
9.450000000000001066e+00
9.474999999999999645e+00
9.500000000000000000e+00
9.525000000000000355e+00
9.550000000000000711e+00
9.575000000000001066e+00
9.600000000000001421e+00
9.625000000000000000e+00
9.650000000000000355e+00
9.675000000000000711e+00
9.700000000000001066e+00
9.725000000000001421e+00
9.750000000000000000e+00
9.775000000000000355e+00
9.800000000000000711e+00
9.825000000000001066e+00
9.850000000000001421e+00
9.875000000000000000e+00
9.900000000000000355e+00
9.925000000000000711e+00
9.950000000000001066e+00
9.975000000000001421e+00
1.000000000000000000e+01
1.002500000000000036e+01
1.005000000000000071e+01
1.007500000000000107e+01
1.010000000000000142e+01
1.012500000000000000e+01
1.015000000000000036e+01
1.017500000000000071e+01
1.020000000000000107e+01
1.022500000000000142e+01
1.025000000000000000e+01
1.027500000000000036e+01
1.030000000000000071e+01
1.032500000000000107e+01
1.035000000000000142e+01
1.037500000000000000e+01
1.040000000000000036e+01
1.042500000000000071e+01
1.045000000000000107e+01
1.047500000000000142e+01
1.050000000000000000e+01
1.052500000000000036e+01
1.055000000000000071e+01
1.057500000000000107e+01
1.060000000000000142e+01
1.062500000000000000e+01
1.065000000000000036e+01
1.067500000000000071e+01
1.070000000000000107e+01
1.072500000000000142e+01
1.075000000000000000e+01
1.077500000000000036e+01
1.080000000000000071e+01
1.082500000000000107e+01
1.085000000000000142e+01
1.087500000000000000e+01
1.090000000000000036e+01
1.092500000000000071e+01
1.095000000000000107e+01
1.097500000000000142e+01
1.100000000000000000e+01
1.102500000000000036e+01
1.105000000000000071e+01
1.107500000000000107e+01
1.110000000000000142e+01
1.112500000000000000e+01
1.115000000000000036e+01
1.117500000000000071e+01
1.120000000000000107e+01
1.122500000000000142e+01
1.125000000000000000e+01
1.127500000000000036e+01
1.130000000000000071e+01
1.132500000000000107e+01
1.135000000000000142e+01
1.137500000000000000e+01
1.140000000000000036e+01
1.142500000000000071e+01
1.145000000000000107e+01
1.147500000000000142e+01
1.150000000000000000e+01
1.152500000000000036e+01
1.155000000000000071e+01
1.157500000000000107e+01
1.160000000000000142e+01
1.162500000000000000e+01
1.165000000000000036e+01
1.167500000000000071e+01
1.170000000000000107e+01
1.172500000000000142e+01
1.175000000000000000e+01
1.177500000000000036e+01
1.180000000000000071e+01
1.182500000000000107e+01
1.185000000000000142e+01
1.187500000000000000e+01
1.190000000000000036e+01
1.192500000000000071e+01
1.195000000000000107e+01
1.197500000000000142e+01
1.200000000000000000e+01
1.202500000000000036e+01
1.205000000000000071e+01
1.207500000000000107e+01
1.210000000000000142e+01
1.212500000000000000e+01
1.215000000000000036e+01
1.217500000000000071e+01
1.220000000000000107e+01
1.222500000000000142e+01
1.225000000000000000e+01
1.227500000000000036e+01
1.230000000000000071e+01
1.232500000000000107e+01
1.235000000000000142e+01
1.237500000000000000e+01
1.240000000000000036e+01
1.242500000000000071e+01
1.245000000000000107e+01
1.247500000000000142e+01
1.250000000000000000e+01
1.252500000000000036e+01
1.255000000000000071e+01
1.257500000000000107e+01
1.260000000000000142e+01
1.262500000000000000e+01
1.265000000000000036e+01
1.267500000000000071e+01
1.270000000000000107e+01
1.272500000000000142e+01
