2.877430528000000000e+09 1.145619968000000000e+09 2.950154240000000000e+09
2.877430528000000000e+09 1.145619968000000000e+09 2.950154240000000000e+09
2.877430528000000000e+09 1.145619968000000000e+09 2.950154240000000000e+09
2.877430528000000000e+09 1.145619968000000000e+09 2.950154240000000000e+09
2.877430528000000000e+09 1.145619968000000000e+09 2.950154240000000000e+09
2.877430528000000000e+09 1.145619968000000000e+09 2.950154240000000000e+09
2.877430528000000000e+09 1.145619968000000000e+09 2.950154240000000000e+09
2.877430528000000000e+09 1.145619968000000000e+09 2.950154240000000000e+09
2.877430528000000000e+09 1.145619968000000000e+09 2.950154240000000000e+09
2.877430528000000000e+09 1.145619968000000000e+09 2.950154240000000000e+09
2.877478286877904892e+09 1.145398741959938765e+09 2.949491931932140350e+09
2.877445471730723381e+09 1.145030162858473778e+09 2.949518042754841328e+09
2.877444566073440075e+09 1.145082375177114725e+09 2.949573544435568333e+09
2.877443658925412178e+09 1.145131424604377270e+09 2.949625625758065224e+09
2.877442759435915470e+09 1.145177269647718906e+09 2.949674415271224499e+09
2.877441746848033905e+09 1.145221437764463902e+09 2.949720520198254585e+09
2.877312469764558315e+09 1.144872061619469166e+09 2.949741013686869144e+09
2.877325293643471241e+09 1.144949529760281086e+09 2.949782352384158611e+09
2.877337066897683620e+09 1.145021054714995623e+09 2.949820730370090008e+09
2.877347881205343246e+09 1.145087019371178389e+09 2.949856266677523613e+09
2.877357794489689350e+09 1.145147701253179073e+09 2.949889088309722424e+09
2.877366851367198944e+09 1.145203378282331467e+09 2.949919329697529316e+09
2.877375110753704071e+09 1.145254326675985336e+09 2.949947115701094627e+09
2.877382621863003731e+09 1.145300903432502985e+09 2.949972574968998909e+09
2.877389429802990913e+09 1.145343339136891365e+09 2.949995834912838936e+09
2.877395583767214775e+09 1.145381857772257805e+09 2.950017017803133965e+09
2.877401126812379360e+09 1.145416715056588650e+09 2.950036252469450951e+09
2.877406105151391983e+09 1.145448143677606821e+09 2.950053662086702347e+09
2.877410558252005577e+09 1.145476372333015919e+09 2.950069365559317112e+09
2.877414522963439465e+09 1.145501633307694435e+09 2.950083477820036888e+09
2.877418037885990143e+09 1.145524134911304712e+09 2.950096111458281040e+09
2.877421139813218117e+09 1.145544081363394499e+09 2.950107375258673668e+09
2.877423863164860725e+09 1.145561720247739077e+09 2.950117371980574608e+09
2.877426240434333801e+09 1.145577228895315170e+09 2.950126201879489899e+09
2.877428303131498337e+09 1.145590786978568792e+09 2.950133958724269390e+09
2.877430079214609623e+09 1.145602559618549109e+09 2.950140734227136135e+09
2.877431594876125336e+09 1.145612703090523005e+09 2.950146615335779190e+09
2.877432875854907990e+09 1.145621370718352556e+09 2.950151682295266628e+09
2.877433945770317554e+09 1.145628669751196146e+09 2.950156011497831821e+09
2.877434826672695160e+09 1.145634788138404131e+09 2.950159673105027676e+09
2.877435538819086552e+09 1.145639841242257833e+09 2.950162733939934254e+09
2.877436101007110119e+09 1.145643937847010136e+09 2.950165256140045166e+09
2.877436530543060780e+09 1.145647181876011848e+09 2.950167297352653980e+09
2.877436843336854458e+09 1.145649670447478056e+09 2.950168910927081108e+09
2.877437053966515541e+09 1.145651493406705141e+09 2.950170146089993000e+09
2.877437175753654957e+09 1.145652733372182369e+09 2.950171048117800236e+09
2.877437220817099571e+09 1.145653465962687254e+09 2.950171658521913052e+09
2.877437201948714256e+09 1.145653761204119205e+09 2.950172014885211945e+09
2.877437127871974468e+09 1.145653692632621765e+09 2.950172152613976479e+09
2.877437006234815598e+09 1.145653302112198114e+09 2.950172102529755116e+09
2.877436845666021347e+09 1.145652640782343388e+09 2.950171893049760818e+09
2.877436626990754128e+09 1.145653216846038818e+09 2.950172052945325851e+09
2.877436408764133453e+09 1.145652148258635521e+09 2.950171599079963684e+09
2.877436171021934032e+09 1.145650934441237926e+09 2.950171054874751091e+09
2.877435918723577023e+09 1.145649607777334929e+09 2.950170438562746525e+09
2.877435656139580250e+09 1.145648196439664602e+09 2.950169766311344624e+09
2.877435387259534836e+09 1.145646725579586744e+09 2.950169052383205414e+09
2.877435115350589275e+09 1.145645217104756117e+09 2.950168309295820236e+09
2.877434843235603333e+09 1.145643689939834118e+09 2.950167547964001179e+09
2.877434573343734264e+09 1.145642160468767881e+09 2.950166777831770897e+09
2.877434307736014843e+09 1.145640642566194057e+09 2.950166007014349937e+09
2.877434048119748592e+09 1.145639147912748098e+09 2.950165242424494267e+09
2.877433795901957512e+09 1.145637686266113043e+09 2.950164489887673378e+09
2.877439910180932045e+09 1.145634341392481804e+09 2.950163244140708447e+09
2.877439246921551228e+09 1.145632525678730249e+09 2.950162529805025101e+09
2.877438610344957352e+09 1.145630750935819626e+09 2.950161836197032928e+09
2.877438002501846313e+09 1.145629028364768744e+09 2.950161166820223808e+09
2.877437424555862904e+09 1.145627358642178535e+09 2.950160523539489746e+09
2.877436877077134609e+09 1.145625750865002871e+09 2.950159908294455051e+09
2.877436360340620518e+09 1.145624216921427727e+09 2.950159322801645279e+09
2.877435874289724350e+09 1.145622759709910631e+09 2.950158767758908272e+09
2.877435418639719009e+09 1.145621379377655506e+09 2.950158243466803551e+09
2.877434992820517540e+09 1.145620078210922718e+09 2.950157750047871113e+09
2.877434596158853054e+09 1.145618855583161354e+09 2.950157287217670441e+09
2.877434227781347752e+09 1.145617709563187599e+09 2.950156854435202599e+09
2.877433886699085712e+09 1.145616639766172409e+09 2.950156451059724808e+09
2.877433571844050407e+09 1.145615644287744522e+09 2.950156076261338234e+09
2.877433282070763588e+09 1.145614720839942694e+09 2.950155729075920582e+09
2.877433016185746193e+09 1.145613866836505890e+09 2.950155408437980652e+09
2.877432772962717056e+09 1.145613079448725939e+09 2.950155113206876278e+09
2.877432551161250591e+09 1.145612355679469585e+09 2.950154842188661098e+09
2.877432349535034657e+09 1.145611692405226469e+09 2.950154594153028011e+09
2.877432166849135876e+09 1.145611086441118956e+09 2.950154367853128910e+09
2.877432001885010242e+09 1.145610534562265396e+09 2.950154162035147667e+09
2.877431853449552059e+09 1.145610033552609921e+09 2.950153975453333855e+09
2.877431720385208607e+09 1.145609580227051258e+09 2.950153806878625870e+09
2.877431601568620205e+09 1.145609171454877853e+09 2.950153655107255459e+09
2.877431495921831131e+09 1.145608804180327654e+09 2.950153518967376709e+09
2.877431402409969807e+09 1.145608475442534447e+09 2.950153397324720383e+09
2.877431320046762466e+09 1.145608182378438234e+09 2.950153289086991310e+09
2.877431247895728588e+09 1.145607922247586489e+09 2.950153193207305908e+09
2.877431185068760872e+09 1.145607692417671442e+09 2.950153108685982704e+09
2.877431130728956699e+09 1.145607490393586159e+09 2.950153034573482513e+09
2.877431084090000629e+09 1.145607313803134441e+09 2.950152969969323158e+09
2.877431044415496349e+09 1.145607160407654524e+09 2.950152914025253773e+09
2.877431011015779495e+09 1.145607028097268343e+09 2.950152865942121029e+09
2.877430983251967430e+09 1.145606914894632339e+09 2.950152824972439766e+09
2.877430960527072430e+09 1.145606818943759918e+09 2.950152790416358948e+09
2.877430942292235374e+09 1.145606738521695614e+09 2.950152761622523308e+09
2.877430928038642406e+09 1.145606672018731356e+09 2.950152737985911846e+09
2.985601690602087498e+09 1.099613868380436420e+09 2.974300488937032700e+09
2.985608842474130630e+09 1.099627807028766155e+09 2.974508040869055748e+09
2.985599683162043095e+09 1.099652721504646063e+09 2.974502006240493298e+09
2.985602936752288818e+09 1.099640365658418417e+09 2.974519737710175991e+09
2.985619965933899403e+09 1.099499926019359350e+09 2.974366458829741001e+09
2.985617835071929455e+09 1.099509679152206659e+09 2.974394680090367317e+09
2.985616399248849392e+09 1.099518147778172731e+09 2.974420878019044876e+09
2.985614895827332497e+09 1.099525505801700354e+09 2.974444585053860188e+09
2.985613386673361778e+09 1.099532766833642483e+09 2.974467446975468159e+09
2.985611858202677250e+09 1.099539532509804249e+09 2.974489443855484486e+09
2.985610258646479607e+09 1.099546155711997509e+09 2.974510630715244293e+09
2.985608987239803791e+09 1.099552441500563145e+09 2.974530433493382454e+09
2.985607706343373775e+09 1.099558374013599873e+09 2.974549287136993885e+09
2.985606463791663170e+09 1.099563771783918142e+09 2.974567151616098404e+09
2.985605320439978123e+09 1.099569011043071747e+09 2.974583830855952740e+09
2.985604243018065929e+09 1.099573917664775610e+09 2.974599429737617970e+09
2.985605630744626999e+09 1.099578885082353830e+09 2.974615253195466042e+09
2.985596240540693283e+09 1.099516599949725628e+09 2.974620738578023434e+09
2.985595907828573227e+09 1.099528360651829958e+09 2.974633981412333012e+09
2.985595577719455242e+09 1.099539111133348703e+09 2.974646151763245106e+09
2.985595263536244869e+09 1.099548916769058466e+09 2.974657299371762753e+09
2.985594965901184082e+09 1.099557827781316996e+09 2.974667473987996578e+09
2.985595122708678246e+09 1.099564283692364931e+09 2.974676578344782352e+09
2.985594819068511486e+09 1.099571480420600414e+09 2.974684979902651787e+09
2.985594536373037815e+09 1.099577941079636574e+09 2.974692555707640171e+09
2.985594273572137356e+09 1.099583712402159691e+09 2.974699355941681862e+09
2.985594031830473900e+09 1.099588844850064754e+09 2.974705432089183331e+09
2.985593810227939606e+09 1.099593386537944794e+09 2.974710833486474037e+09
2.985593609211392403e+09 1.099597382071045637e+09 2.974715609082244873e+09
2.985593427518640995e+09 1.099600874373507977e+09 2.974719805830582619e+09
2.985593264790609360e+09 1.099603906264420033e+09 2.974723469402010918e+09
2.985593120153104305e+09 1.099606517799699545e+09 2.974726643634192467e+09
2.985592992623582840e+09 1.099608746922297955e+09 2.974729370525016785e+09
2.985592881178828239e+09 1.099610629492781401e+09 2.974731690139570236e+09
2.985592784756928444e+09 1.099612199337873936e+09 2.974733640519635201e+09
2.985592702274091721e+09 1.099613488182377577e+09 2.974735257638058662e+09
2.985592632635940075e+09 1.099614525706237316e+09 2.974736575351805210e+09
2.985592574753210068e+09 1.099615339522358894e+09 2.974737625394368172e+09
2.985592527544252872e+09 1.099615955250430584e+09 2.974738437382880688e+09
2.985592489954791546e+09 1.099616396563524961e+09 2.974739038853022575e+09
2.985592460972421646e+09 1.099616685247050762e+09 2.974739455283767700e+09
2.985592439617471695e+09 1.099616841280271530e+09 2.974739710176113605e+09
2.985592424971138000e+09 1.099616882913878918e+09 2.974739825103018761e+09
2.985592416173513889e+09 1.099616826809092999e+09 2.974739819787992477e+09
2.985592412422874928e+09 1.099616688018948078e+09 2.974739712189202785e+09
2.985592412992436409e+09 1.099616480203629255e+09 2.974739518593211174e+09
2.985592417208544254e+09 1.099616215626183033e+09 2.974739253691067696e+09
2.985592424467786789e+09 1.099615905268879652e+09 2.974738930685317516e+09
2.985592434227799416e+09 1.099615558968819857e+09 2.974738561376449585e+09
2.985592445996993065e+09 1.099615185391357660e+09 2.974738156253125191e+09
2.985592459349790096e+09 1.099614792220448494e+09 2.974737724597885609e+09
2.985592473906452656e+09 1.099614386169743538e+09 2.974737274557332039e+09
2.985592489339555264e+09 1.099613973099349976e+09 2.974736813251888275e+09
2.985592505350378036e+09 1.099613558033729076e+09 2.974736346843282223e+09
2.985592521699286938e+09 1.099613145316914320e+09 2.974735880627312183e+09
2.985592538163073540e+09 1.099612738589239597e+09 2.974735419105716705e+09
2.985592554565123558e+09 1.099612340915358067e+09 2.974734966070232868e+09
2.985592570753509998e+09 1.099611954793366432e+09 2.974734524649650574e+09
2.985592586600862980e+09 1.099611582244454861e+09 2.974734097410676956e+09
2.985592602084598541e+09 1.099611224865535259e+09 2.974733686384841442e+09
2.985592617083196640e+09 1.099610883860002279e+09 2.974733293150775909e+09
2.985592631426953316e+09 1.099610560113118649e+09 2.974732918875217438e+09
2.985592645082799911e+09 1.099610254210127115e+09 2.974732564370517254e+09
2.985592658021138191e+09 1.099609966462228537e+09 2.974732230129809380e+09
2.985592670220687389e+09 1.099609696958654642e+09 2.974731916381059170e+09
2.985592681676318169e+09 1.099609445602080345e+09 2.974731623117475510e+09
2.985592692385880470e+09 1.099609212123543978e+09 2.974731350131917953e+09
2.985592702417144299e+09 1.099608996112697601e+09 2.974731097052549362e+09
2.985592711809113979e+09 1.099608797066803217e+09 2.974730863368865490e+09
2.985592720502070904e+09 1.099608614403381109e+09 2.974730648457475185e+09
2.985592728528719902e+09 1.099608447441439867e+09 2.974730451609687805e+09
2.985592735903461456e+09 1.099608295479705334e+09 2.974730272043356895e+09
2.985592742654841423e+09 1.099608157747241259e+09 2.974730108924361706e+09
2.985592748809108734e+09 1.099608033466733694e+09 2.974729961386282921e+09
2.985592754400976658e+09 1.099607921823301792e+09 2.974729828522191048e+09
2.985592759455141544e+09 1.099607822044848919e+09 2.974729709464714050e+09
2.985592764006625175e+09 1.099607733344648838e+09 2.974729603313662052e+09
2.985592768085631371e+09 1.099607654892587185e+09 2.974729509143376827e+09
2.985592771721568584e+09 1.099607585947398663e+09 2.974729426104556084e+09
2.985592774946775436e+09 1.099607525750324965e+09 2.974729353334994316e+09
2.985592777795382977e+09 1.099607473587309361e+09 2.974729290015013218e+09
2.985592780286540031e+09 1.099607428773456097e+09 2.974729235348119259e+09
2.985592782456150055e+09 1.099607390637451887e+09 2.974729188579304695e+09
2.985592784333094120e+09 1.099607358560513258e+09 2.974729148981067657e+09
2.985592785935904980e+09 1.099607331952686548e+09 2.974729115872461319e+09
2.985592787297875404e+09 1.099607310258468628e+09 2.974729088606616974e+09
2.985592788433365822e+09 1.099607292948068380e+09 2.974729066576414585e+09
2.985592789376214027e+09 1.099607279542830944e+09 2.974729049215282917e+09
2.985592790129936695e+09 1.099607269594173431e+09 2.974729035998008251e+09
2.985592790731318951e+09 1.099607262673086166e+09 2.974729026432568550e+09
2.985592791185995579e+09 1.099607258400607109e+09 2.974729020071805000e+09
2.985592791518939018e+09 1.099607256428673506e+09 2.974729016495368958e+09
2.985592791742264748e+09 1.099607256425674438e+09 2.974729015324064255e+09
2.985592791869615555e+09 1.099607258106404781e+09 2.974729016212191105e+09
2.985592791914917946e+09 1.099607261179095268e+09 2.974729018830041885e+09
2.985592791891357899e+09 1.099607265466525555e+09 2.974729022937383175e+09
2.985592791803308487e+09 1.099607270676853657e+09 2.974729028226111412e+09
2.985592791667327881e+09 1.099607276657817602e+09 2.974729034487709999e+09
2.985592791491605759e+09 1.099607283231642008e+09 2.974729041515879154e+09
2.985592791279951096e+09 1.099607290246294737e+09 2.974729049125040531e+09
2.985592791042873859e+09 1.099607297553695202e+09 2.974729057156221867e+09
2.985592790785113335e+09 1.099607305070348263e+09 2.974729065473213673e+09
2.985592790512792587e+09 1.099607312659747839e+09 2.974729073945658684e+09
2.985592790230572224e+09 1.099607320258113384e+09 2.974729082472146034e+09
2.985592789944151878e+09 1.099607327781435966e+09 2.974729090961284161e+09
2.985592789654015541e+09 1.099607335153528929e+09 2.974729099319633484e+09
2.985592789366283894e+09 1.099607342371198654e+09 2.974729107529620171e+09
2.985592789080282688e+09 1.099607349352088213e+09 2.974729115495680332e+09
2.985592788800751209e+09 1.099607356060420275e+09 2.974729123183578014e+09
2.985592788529362202e+09 1.099607362464611053e+09 2.974729130550817490e+09
2.930225251369560242e+09 9.376004869224268198e+08 2.932210421058681011e+09
2.930243511767018318e+09 9.376136961766240597e+08 2.932215323156500340e+09
2.930228915322265148e+09 9.376095146441526413e+08 2.932182931987340450e+09
2.930241880914141655e+09 9.375791129569746256e+08 2.932271516572362423e+09
2.930234294338644028e+09 9.375620985890258551e+08 2.932154819562284470e+09
2.930235371947503090e+09 9.375930200979387760e+08 2.932219460433958530e+09
2.930249505207797050e+09 9.375881874629667997e+08 2.932169354297029495e+09
2.930260040232860565e+09 9.375882752839299440e+08 2.932192764208244801e+09
2.930216237640199661e+09 9.375970381867518425e+08 2.932261796265821934e+09
2.930226086936934948e+09 9.375997096211286783e+08 2.932151766424765587e+09
2.930227100541637897e+09 9.376031619210560322e+08 2.932134869281335354e+09
2.930226427426183701e+09 9.376069732149207592e+08 2.932137101474337101e+09
2.930226550617881775e+09 9.376167975698009729e+08 2.932120585494611740e+09
2.930231619465386391e+09 9.375969161597559452e+08 2.932109015124328613e+09
2.930228677434599876e+09 9.375445922384221554e+08 2.932131672686077118e+09
2.930230056946537018e+09 9.375514782374631166e+08 2.932104219349837303e+09
2.930221805344115734e+09 9.376254524937863350e+08 2.932182700248078823e+09
2.930223643537730694e+09 9.376257527800903320e+08 2.932150131142590046e+09
2.930219886186030865e+09 9.377385580157989264e+08 2.932155555119560719e+09
2.930221880549859047e+09 9.377285257838795185e+08 2.932124263203645229e+09
2.930223778763083935e+09 9.377192075568810701e+08 2.932095230123539925e+09
2.930225554569159508e+09 9.377105688227016926e+08 2.932068354771494389e+09
2.930227206142173767e+09 9.377025826143326759e+08 2.932043533826564312e+09
2.930228736215871334e+09 9.376952199478039742e+08 2.932020660422294140e+09
2.930230149423770905e+09 9.376884501794322729e+08 2.931999623692481995e+09
2.930231396717494011e+09 9.376825328709802628e+08 2.931980293161423206e+09
2.930232591527165890e+09 9.376768602382953167e+08 2.931962608048934460e+09
2.930233686874082088e+09 9.376716749282770157e+08 2.931946437253847122e+09
2.930234689363997459e+09 9.376669440572450161e+08 2.931931678559496403e+09
2.930240502138892651e+09 9.377310122182087898e+08 2.931924008572440624e+09
2.930240804273024559e+09 9.377194687838456631e+08 2.931911176275389671e+09
2.930241099530308723e+09 9.377090407889790535e+08 2.931899533480059147e+09
2.930241371514412880e+09 9.376996100880784988e+08 2.931888985903808117e+09
2.930241620601907730e+09 9.376910858611506224e+08 2.931879446483564854e+09
2.930242505658752918e+09 9.376837949789530039e+08 2.931870935088901997e+09
2.930242770793996811e+09 9.376769481579405069e+08 2.931863179043272972e+09
2.930243014358254433e+09 9.376708093501391411e+08 2.931856209288259029e+09
2.930243238629925728e+09 9.376653147045531273e+08 2.931849960424925804e+09
2.930243449743105412e+09 9.376604054482052326e+08 2.931844371078990936e+09
2.930243642790613174e+09 9.376560322879618406e+08 2.931839384078806877e+09
2.930243818592725754e+09 9.376521471328285933e+08 2.931834946331820965e+09
2.930243978244909763e+09 9.376487048616768122e+08 2.931831008771586895e+09
2.930244121945617676e+09 9.376456728320878744e+08 2.931827526346346855e+09
2.930244248879523754e+09 9.376430420232013464e+08 2.931824459788595676e+09
2.930244362791691780e+09 9.376407342008798122e+08 2.931821766179429054e+09
2.930244464573346615e+09 9.376387192026560307e+08 2.931819409813592911e+09
2.930244555130125999e+09 9.376369688223146200e+08 2.931817357781382561e+09
2.930244635337083340e+09 9.376354568950070143e+08 2.931815579811054230e+09
2.930244706055054188e+09 9.376341592562878132e+08 2.931814048128893852e+09
2.930244768099951267e+09 9.376330536443445683e+08 2.931812737201383591e+09
2.930244822255355835e+09 9.376321196135759354e+08 2.931811623754805565e+09
2.930244869256299019e+09 9.376313384696208239e+08 2.931810686465005875e+09
2.930244908576693058e+09 9.376306964478950500e+08 2.931809905913432121e+09
2.930244936439933777e+09 9.376301901203154325e+08 2.931809264429159164e+09
2.930244959788161755e+09 9.376297881029849052e+08 2.931808745861012936e+09
2.930244979105129719e+09 9.376294777283220291e+08 2.931808335637920856e+09
2.930244994818552017e+09 9.376292475279695988e+08 2.931808020546002865e+09
2.930245007337960243e+09 9.376290871994457245e+08 2.931807788646698952e+09
2.930245017023416519e+09 9.376289874427709579e+08 2.931807629161812782e+09
2.930245024215360641e+09 9.376289399052314758e+08 2.931807532406236649e+09
2.930245029224328041e+09 9.376289370934242010e+08 2.931807489637568951e+09
2.930245032326037407e+09 9.376289723185623884e+08 2.931807493043528557e+09
2.930245033777691841e+09 9.376290396027157307e+08 2.931807535671256065e+09
2.930245033804591656e+09 9.376291336254007816e+08 2.931807611274740219e+09
2.930245032625207424e+09 9.376292496564276218e+08 2.931807714319840431e+09
2.930245030415236473e+09 9.376293835318888426e+08 2.931807839890432835e+09
2.930245027345555305e+09 9.376295315589216948e+08 2.931807983642407417e+09
2.930245023568375587e+09 9.376296904807786942e+08 2.931808141749936104e+09
2.930245019214234352e+09 9.376298574898765087e+08 2.931808310855700493e+09
2.930245014403016090e+09 9.376300301049555540e+08 2.931808488032780647e+09
2.930245009235548973e+09 9.376302061684314013e+08 2.931808670684868336e+09
2.930245003804040432e+09 9.376303838463399410e+08 2.931808856643023014e+09
2.930244998190933704e+09 9.376305615626466274e+08 2.931809043991170406e+09
2.930244992462662220e+09 9.376307379530732632e+08 2.931809231094759941e+09
2.930244986682885647e+09 9.376309118998467922e+08 2.931809416577659130e+09
2.930244980900498390e+09 9.376310824484946728e+08 2.931809599279396057e+09
2.930244975158117771e+09 9.376312488304327726e+08 2.931809778234491348e+09
2.930244969496348858e+09 9.376314104074342251e+08 2.931809952649374008e+09
2.930244963944281101e+09 9.376315666875622272e+08 2.931810121886472225e+09
2.930244958523998737e+09 9.376317172762826681e+08 2.931810285461941719e+09
2.930244953263000011e+09 9.376318618988254070e+08 2.931810442941141129e+09
2.930244948172975063e+09 9.376320003513120413e+08 2.931810594090345860e+09
2.930244943267289162e+09 9.376321325278990269e+08 2.931810738706813812e+09
2.930244938555314064e+09 9.376322583737179041e+08 2.931810876678481579e+09
2.930244934045966148e+09 9.376323778656611443e+08 2.931811007956718445e+09
2.930244929737259865e+09 9.376324910689187050e+08 2.931811132558333397e+09
2.930244925638763905e+09 9.376325980866656303e+08 2.931811250559128761e+09
2.930244921745211601e+09 9.376326990225359201e+08 2.931811362013350487e+09
2.930244918057216167e+09 9.376327940203496218e+08 2.931811467105587959e+09
2.930244914569680691e+09 9.376328832720382214e+08 2.931811565980353355e+09
2.930244911278622150e+09 9.376329669720611572e+08 2.931811658845830917e+09
2.930244908181677818e+09 9.376330452889806032e+08 2.931811745852274418e+09
2.930244905274983883e+09 9.376331184824470282e+08 2.931811827286121368e+09
2.930244902544731140e+09 9.376331867339684963e+08 2.931811903306288242e+09
2.930244899993324757e+09 9.376332502905827761e+08 2.931811974197784901e+09
2.930244897607342720e+09 9.376333093627600670e+08 2.931812040179116249e+09
2.930244895385309696e+09 9.376333641804708242e+08 2.931812101491529465e+09
2.930244893312269211e+09 9.376334149893077612e+08 2.931812158370685101e+09
2.930244891388875008e+09 9.376334619913475513e+08 2.931812211074176311e+09
2.930244889600397110e+09 9.376335053953617811e+08 2.931812259779081345e+09
2.970330680950593472e+09 1.076983238970592737e+09 2.935821081892759800e+09
2.970307455434907913e+09 1.076995036075426579e+09 2.935862286661461353e+09
2.970302919116633892e+09 1.077008357226364136e+09 2.935909563905414581e+09
2.970299665077794075e+09 1.077023827841930866e+09 2.935957669776211262e+09
2.970257358374420643e+09 1.076523213030650616e+09 2.935971304716292858e+09
2.970257093854440689e+09 1.076571219298293591e+09 2.936020668467954636e+09
2.970256571709630013e+09 1.076617952735693932e+09 2.936069167421524048e+09
2.970255994324420452e+09 1.076663471439301968e+09 2.936116532607136726e+09
2.970255425465589523e+09 1.076707468445069790e+09 2.936162533953076363e+09
2.970255823863370895e+09 1.076750071164848566e+09 2.936207321209520817e+09
2.970255178567343235e+09 1.076790881148361444e+09 2.936250144723617554e+09
2.970083117836515427e+09 1.076323460523285389e+09 2.936265650069724560e+09
2.970096660276551723e+09 1.076401769190015793e+09 2.936306443153611183e+09
2.970109344711707115e+09 1.076475999322854042e+09 2.936345331672778606e+09
2.970121265294116020e+09 1.076546237642345428e+09 2.936382277028356075e+09
2.970132459930347919e+09 1.076612504089627743e+09 2.936417269306466103e+09
2.970142936524540901e+09 1.076674834974838018e+09 2.936450310436563015e+09
2.970152771109775066e+09 1.076733354594254494e+09 2.936481409894941330e+09
2.970161887846942902e+09 1.076788060919699907e+09 2.936510605041562080e+09
2.970170312434512138e+09 1.076838985796386719e+09 2.936537925848393440e+09
2.970178139394130707e+09 1.076886408465804815e+09 2.936563417907038689e+09
2.970185364649175167e+09 1.076930377284141302e+09 2.936587133433512211e+09
2.970192015137493134e+09 1.076971022889838696e+09 2.936609130948528290e+09
2.970198119018775940e+09 1.077008485266231775e+09 2.936629474238895893e+09
2.970203704275833130e+09 1.077042909641589165e+09 2.936648230923214436e+09
2.970208798946058273e+09 1.077074444861915827e+09 2.936665471764307976e+09
2.970213431093058586e+09 1.077103241429837704e+09 2.936681269645856857e+09
2.970217629198478222e+09 1.077129451712756872e+09 2.936695698822995663e+09
2.970221420039667606e+09 1.077153225188160181e+09 2.936708834230162621e+09
2.970224831398740292e+09 1.077174714191707611e+09 2.936720750841943264e+09
2.970227887355176926e+09 1.077194064311788321e+09 2.936731523077769756e+09
2.970230613861654282e+09 1.077211421575188160e+09 2.936741224322984219e+09
2.970233036799064636e+09 1.077226925056501865e+09 2.936749926498129368e+09
2.970235179981574535e+09 1.077240711781885386e+09 2.936757699675274372e+09
2.970237065756999493e+09 1.077252912603437424e+09 2.936764611782439232e+09
2.970238715287860870e+09 1.077263652750625849e+09 2.936770728342805862e+09
2.970240149035504341e+09 1.077273052742537022e+09 2.936776112270858765e+09
2.970241386140231133e+09 1.077281226699493170e+09 2.936780823721367836e+09
2.970242443584832191e+09 1.077288282899278402e+09 2.936784919960736752e+09
2.970243338016748905e+09 1.077294323764589310e+09 2.936788455303429604e+09
2.970244086667747021e+09 1.077299444975704908e+09 2.936791481036420345e+09
2.970244704631556034e+09 1.077303737458626986e+09 2.936794045492898941e+09
2.970245205680847168e+09 1.077307285299224138e+09 2.936796193965246677e+09
2.970245316058063507e+09 1.077309799158875227e+09 2.936797962265162468e+09
2.970245619371963978e+09 1.077312085480998993e+09 2.936799402529411793e+09
2.970245841690170765e+09 1.077313846365538597e+09 2.936800545231610298e+09
2.970245993062157154e+09 1.077315143982239485e+09 2.936801424225931644e+09
2.970246082684393883e+09 1.077316035416409969e+09 2.936802070740692139e+09
2.970246118945190907e+09 1.077316572955533981e+09 2.936802513471578598e+09
2.970246109467079163e+09 1.077316804315781355e+09 2.936802778696011066e+09
2.970246061158766747e+09 1.077316772893073320e+09 2.936802890395805359e+09
2.970245980251511574e+09 1.077316518016989231e+09 2.936802870378423691e+09
2.970245872345588684e+09 1.077316075197017908e+09 2.936802738404150486e+09
2.970245742446507931e+09 1.077315476364574671e+09 2.936802512308835983e+09
2.970245594300227165e+09 1.077314750625064611e+09 2.936802208153043270e+09
2.970245432496313095e+09 1.077313922999917984e+09 2.936801840271696091e+09
2.970245260533984661e+09 1.077313016123063326e+09 2.936801421465609550e+09
2.970245081472131252e+09 1.077312049959892750e+09 2.936800963089887142e+09
2.970244897987534523e+09 1.077311042053609848e+09 2.936800475168878555e+09
2.970244712392066002e+09 1.077310007704988241e+09 2.936799966501885891e+09
2.970244526678223133e+09 1.077308960189922333e+09 2.936799444767072678e+09
2.970244342534984589e+09 1.077307910914651394e+09 2.936798916617469311e+09
2.970244161391771793e+09 1.077306869611195326e+09 2.936798387773089886e+09
2.970243984434297562e+09 1.077305844485542774e+09 2.936797863109218597e+09
2.970243812634824276e+09 1.077304842382936716e+09 2.936797346737362862e+09
2.970243646775923729e+09 1.077303868914322853e+09 2.936796842082060337e+09
2.970243487465641022e+09 1.077302928598902225e+09 2.936796351951525211e+09
2.970243335166925430e+09 1.077302024982653141e+09 2.936795878605038643e+09
2.970243190207548618e+09 1.077301160757392168e+09 2.936795423813219070e+09
2.970243052801598549e+09 1.077300337851567268e+09 2.936794988916592121e+09
2.970242923062662601e+09 1.077299557538499355e+09 2.936794574875668526e+09
2.970242801017850876e+09 1.077298820509912968e+09 2.936794182318820953e+09
2.970242686622101307e+09 1.077298126973422289e+09 2.936793811588471889e+09
2.970242579766727448e+09 1.077297476705918074e+09 2.936793462777670860e+09
2.970242480292191982e+09 1.077296869128433228e+09 2.936793135768523216e+09
2.970242387996507168e+09 1.077296303368098974e+09 2.936792830264554501e+09
2.970242302643761635e+09 1.077295778300044060e+09 2.936792545818148136e+09
2.970242224003609180e+09 1.077295292697978020e+09 2.936792281870795727e+09
2.970242151683303833e+09 1.077294844780285835e+09 2.936792037717142105e+09
2.970242085491326809e+09 1.077294433247003078e+09 2.936791812643134594e+09
2.970242025081535816e+09 1.077294056305047750e+09 2.936791605827683449e+09
2.970241970136931419e+09 1.077293712205603838e+09 2.936791416416934967e+09
2.970241920340425014e+09 1.077293399160169601e+09 2.936791243527906895e+09
2.970241875372782230e+09 1.077293115366056204e+09 2.936791086259276390e+09
2.970241834922137737e+09 1.077292859032361746e+09 2.936790943703405380e+09
2.970242081332939148e+09 1.077292980483842373e+09 2.936790820818140030e+09
2.970242048949563026e+09 1.077292773899466515e+09 2.936790705159363747e+09
2.970242020208265781e+09 1.077292589623985052e+09 2.936790601531242371e+09
2.970241994821648121e+09 1.077292425966894388e+09 2.936790509087886810e+09
2.970241972514009476e+09 1.077292281326851368e+09 2.936790426996087074e+09
2.970241953027515411e+09 1.077292154178014994e+09 2.936790354454504967e+09
2.970241936118342876e+09 1.077292043060128450e+09 2.936790290695063591e+09
2.970241921555604935e+09 1.077291946591915131e+09 2.936790234986148357e+09
2.970241909119563103e+09 1.077291863460310221e+09 2.936790186630575180e+09
2.970241898607553482e+09 1.077291792429699183e+09 2.936790144971102715e+09
2.970241889828176022e+09 1.077291732339669466e+09 2.936790109385628223e+09
2.970241882601926804e+09 1.077291682103320122e+09 2.936790079291697025e+09
2.970241876763038635e+09 1.077291640707509041e+09 2.936790054142976761e+09
2.970241872157091141e+09 1.077291607209979773e+09 2.936790033430431366e+09
2.970241868643548965e+09 1.077291580737174749e+09 2.936790016680432320e+09
2.837858361557020187e+09 1.152142171657292843e+09 2.842577793313764095e+09
2.837833840655631065e+09 1.152118429254306793e+09 2.842535692911125183e+09
2.837835691537563801e+09 1.152102889845040560e+09 2.842494293539519310e+09
2.837838779844294548e+09 1.152089482959440231e+09 2.842451914885144234e+09
2.837840904890267849e+09 1.152077084004665852e+09 2.842409069022442341e+09
2.837843813179873466e+09 1.152063811879272699e+09 2.842367527365889072e+09
2.837846586859324932e+09 1.152050870911118031e+09 2.842326929266776085e+09
2.837849313363427639e+09 1.152038343622141838e+09 2.842287602485395908e+09
2.837851965971238136e+09 1.152026067401180029e+09 2.842249633533360481e+09
2.837854478683358192e+09 1.152014579282348156e+09 2.842213238146360874e+09
2.837878813322762966e+09 1.152287227859194756e+09 2.842199568811698437e+09
2.837879376375062466e+09 1.152254628901645899e+09 2.842165071521460533e+09
2.837879970143724918e+09 1.152223805218470573e+09 2.842132352709984303e+09
2.837880538070527554e+09 1.152194716429786682e+09 2.842101414210596561e+09
2.837881079228821754e+09 1.152167337061546803e+09 2.842072245036974907e+09
2.837881592448402882e+09 1.152141612117224216e+09 2.842044820750189781e+09
2.837882080196453094e+09 1.152117535670690298e+09 2.842019107713716507e+09
2.837882542236948490e+09 1.152095050239623547e+09 2.841995059634404182e+09
2.837882977216432571e+09 1.152074104308474302e+09 2.841972621028544903e+09
2.837883386527476788e+09 1.152054633435872555e+09 2.841951732797729015e+09
2.837883772132293701e+09 1.152036566519435406e+09 2.841932331674652100e+09
2.837884134010982037e+09 1.152019841021716833e+09 2.841914349440721035e+09
2.837884472527781010e+09 1.152004388910601139e+09 2.841897716264435768e+09
2.837884788143529892e+09 1.151990141617878199e+09 2.841882361306556702e+09
2.837885083705194950e+09 1.151977029806777477e+09 2.841868216316702366e+09
2.837885359127490520e+09 1.151964987020635843e+09 2.841855210069809437e+09
2.837885615555581093e+09 1.151953947374124765e+09 2.841843273786954403e+09
2.837885091070720673e+09 1.151945301307297945e+09 2.841831685962551117e+09
2.837885312637697220e+09 1.151936075583783865e+09 2.841821690006949425e+09
2.837885519630319595e+09 1.151927664347760677e+09 2.841812568610348701e+09
2.837885760796957970e+09 1.151920929832682371e+09 2.841804268883543968e+09
2.837906272058631420e+09 1.151962893545552492e+09 2.841800414176255226e+09
2.837904205982494831e+09 1.151949890592957258e+09 2.841793214442268848e+09
2.837902333356964111e+09 1.151938167690575600e+09 2.841786707117413521e+09
2.837900642847537041e+09 1.151927618814994335e+09 2.841780818285212994e+09
2.837899121467390060e+09 1.151918145683904648e+09 2.841775507414456367e+09
2.837897767243385315e+09 1.151909650044812918e+09 2.841770750565666199e+09
2.837896557031298637e+09 1.151902060921839237e+09 2.841766484272596836e+09
2.837895477635311604e+09 1.151895299799600601e+09 2.841762667809197903e+09
2.837894516787767410e+09 1.151889297564365864e+09 2.841759263187629700e+09
2.837893662848334312e+09 1.151883986105668068e+09 2.841756234946281433e+09
2.837892904868227959e+09 1.151879302812049866e+09 2.841753550130205154e+09
2.837892254669519424e+09 1.151875217826689005e+09 2.841751175367112637e+09
2.837891693246746540e+09 1.151871664270097017e+09 2.841749083498522282e+09
2.837891206812137604e+09 1.151868585952833414e+09 2.841747248884583950e+09
2.837890784608370781e+09 1.151865868298505783e+09 2.841745646841583729e+09
2.837890419691765308e+09 1.151863466928614616e+09 2.841744254595648766e+09
2.837890108915526867e+09 1.151861406546172142e+09 2.841743051526935577e+09
2.837891665085149765e+09 1.151866706300260782e+09 2.841742755076668739e+09
2.837891460194203377e+09 1.151865166733326435e+09 2.841741883160127640e+09
2.837891305328296661e+09 1.151863953687809706e+09 2.841741153642595291e+09
2.837891081456583500e+09 1.151862788736121178e+09 2.841740504899158955e+09
2.837890931358208179e+09 1.151861905850064278e+09 2.841739981921264172e+09
2.837890813377023220e+09 1.151861131559367180e+09 2.841739559896026611e+09
2.837890719002220631e+09 1.151860482551036835e+09 2.841739222060799122e+09
2.837890648365859985e+09 1.151859964005095720e+09 2.841738959281511307e+09
2.837890594184289932e+09 1.151859524950501919e+09 2.841738761379554272e+09
2.837890556951721191e+09 1.151859169960659027e+09 2.841738620821269512e+09
2.837890536872326374e+09 1.151858913369567156e+09 2.841738530733461857e+09
2.837890531261342049e+09 1.151858746161061525e+09 2.841738484212383270e+09
2.837890537739115238e+09 1.151858658965256453e+09 2.841738475042304993e+09
2.837890554287271023e+09 1.151858642831120968e+09 2.841738497676381588e+09
2.837890579130956173e+09 1.151858688794175863e+09 2.841738547150681019e+09
2.837890610736423969e+09 1.151858788270780325e+09 2.841738619044967651e+09
2.837890647770630836e+09 1.151858933186616182e+09 2.841738709430741787e+09
2.837890689082584381e+09 1.151859116097517967e+09 2.841738814833328247e+09
2.837890733678653240e+09 1.151859330212589264e+09 2.841738932185290337e+09
2.837890780698468685e+09 1.151859569406607628e+09 2.841739058789045811e+09
2.837890829402187824e+09 1.151859828193236113e+09 2.841739192284707546e+09
2.837890879159449577e+09 1.151860101713934422e+09 2.841739330607266903e+09
2.837890929425987244e+09 1.151860385669085264e+09 2.841739471974377632e+09
2.837890979737089634e+09 1.151860676315171242e+09 2.841739614841078281e+09
2.837891029709750175e+09 1.151860970392153025e+09 2.841739757886788845e+09
2.837891079007474422e+09 1.151861265089330196e+09 2.841739899986873627e+09
2.837891127364684582e+09 1.151861558001629114e+09 2.841740040190229893e+09
2.837891174550766468e+09 1.151861847102256536e+09 2.841740177707655430e+09
2.837891220388643265e+09 1.151862130690665245e+09 2.841740311885104179e+09
2.837891264731076241e+09 1.151862407369415045e+09 2.841740442192651272e+09
2.837891307471053600e+09 1.151862676002417564e+09 2.841740568211916447e+09
2.837891348522846222e+09 1.151862935684242487e+09 2.841740689617779732e+09
2.837891387826917171e+09 1.151863185717103720e+09 2.841740806168741226e+09
2.837891425347327709e+09 1.151863425595296383e+09 2.841740917699119568e+09
2.837891461068455219e+09 1.151863654969408751e+09 2.841741024105491638e+09
2.837891494989106655e+09 1.151863873620790005e+09 2.841741125339652061e+09
2.837891527120131493e+09 1.151864081446182728e+09 2.841741221398033142e+09
2.837891557485686779e+09 1.151864278457454681e+09 2.841741312319189072e+09
2.837891586117921352e+09 1.151864464737579346e+09 2.841741398174951077e+09
2.837891613057373047e+09 1.151864640452583313e+09 2.841741479066258907e+09
2.837891638352983475e+09 1.151864805827300072e+09 2.841741555114798546e+09
2.837891662057007790e+09 1.151864961124754906e+09 2.841741626463906765e+09
2.837891684227106571e+09 1.151865106665060282e+09 2.841741693268836021e+09
2.837891704922698975e+09 1.151865242777437449e+09 2.841741755697659016e+09
2.837891724207068920e+09 1.151865369831947088e+09 2.841741813927501678e+09
2.837891742140799999e+09 1.151865488209711075e+09 2.841741868140444279e+09
2.837891758794298172e+09 1.151865598295584440e+09 2.841741918520623684e+09
2.837891774225737572e+09 1.151865700485239744e+09 2.841741965258312225e+09
2.837891788504508018e+09 1.151865795187841415e+09 2.841742008539320469e+09
2.837891801688807011e+09 1.151865882785032272e+09 2.841742048547708511e+09
2.837891813845221519e+09 1.151865963677308321e+09 2.841742085468841553e+09
2.837891825032608986e+09 1.151866038246437311e+09 2.841742119480971336e+09
