2.871608598549739361e+09 1.199942681667709112e+09 2.952721058723655224e+09
2.899891754392869949e+09 1.198866470318403959e+09 2.965309271171231270e+09
2.899021997918816090e+09 1.199044928430011272e+09 2.959771322963325977e+09
2.899254841089028835e+09 1.198261504612565279e+09 2.963431540182858944e+09
2.895111767777357578e+09 1.191780902928103924e+09 2.960221122491505146e+09
2.895870715297322750e+09 1.192348741301271915e+09 2.961903053250063419e+09
2.894023234604768753e+09 1.189710864746719122e+09 2.963087190602981567e+09
2.893349482672701359e+09 1.180914026383347034e+09 2.966805519620923519e+09
2.887297869601056099e+09 1.169728576511295080e+09 2.961556100405208111e+09
2.880900289857778549e+09 1.157910608667900085e+09 2.956339029186841011e+09
2.876398792933459759e+09 1.144952861042192221e+09 2.951743601308738232e+09
2.871805192200884819e+09 1.134840496360198975e+09 2.947942886763672829e+09
2.870221157939344406e+09 1.127621080748434067e+09 2.945234008704504967e+09
2.869037119061888695e+09 1.125517871337262154e+09 2.944312707247496128e+09
2.868500241943140507e+09 1.124993935858066320e+09 2.943705154074302673e+09
2.869148830348349094e+09 1.125385149865114212e+09 2.944722499892137051e+09
2.871295746100766659e+09 1.127714937777965069e+09 2.946575338573314190e+09
2.871725463988664150e+09 1.129065777732624531e+09 2.948107338439738750e+09
2.875436117900629997e+09 1.133276605943600655e+09 2.948019249779955387e+09
2.876947231562805653e+09 1.135397345578733206e+09 2.948150948338981628e+09
2.877432911654685020e+09 1.137083032432967901e+09 2.948639548292130470e+09
2.877124991501392365e+09 1.137976662580373764e+09 2.948831007481315613e+09
2.877040312117606163e+09 1.138907028723652124e+09 2.948565375813127995e+09
2.876815309737366676e+09 1.139374737721259832e+09 2.948616111382919788e+09
2.876750457612887383e+09 1.139329970525305271e+09 2.948574712592682362e+09
2.876815154637619019e+09 1.139760558121509075e+09 2.948572524250029564e+09
2.876897995522598743e+09 1.140145376129866123e+09 2.948294221445663452e+09
2.877335352704368591e+09 1.140358706314218283e+09 2.948168894154916763e+09
2.877656679537062645e+09 1.140514544162904263e+09 2.948012320054333210e+09
2.878109045812639713e+09 1.141045991642105579e+09 2.947878036828481197e+09
2.878215276064495087e+09 1.141372615778622389e+09 2.947980761135307312e+09
2.878417548035383224e+09 1.141759569926353931e+09 2.948053429323977470e+09
2.878480399917953014e+09 1.142044833605850697e+09 2.948167176590353966e+09
2.878520957908409119e+09 1.142339149587452412e+09 2.948274752445106506e+09
2.878448850200693130e+09 1.142512514277075291e+09 2.948483382996243954e+09
2.878285469456057549e+09 1.142594409576667786e+09 2.948642765502460480e+09
2.878198485386198521e+09 1.142718416043381929e+09 2.948839077644078255e+09
2.878267644097578049e+09 1.142953316120552540e+09 2.949014122510382652e+09
2.878317372383561134e+09 1.143121320168500662e+09 2.949176447274970531e+09
2.878357377017776966e+09 1.143235299478899479e+09 2.949297865168184280e+09
2.878378777380558491e+09 1.143338485101581335e+09 2.949382270338911533e+09
2.878406344735822201e+09 1.143428191236090183e+09 2.949410666303921223e+09
2.878432112811804295e+09 1.143477261251268625e+09 2.949413219461813927e+09
2.878469326777910233e+09 1.143504944282281637e+09 2.949401299055475712e+09
2.878521291461439610e+09 1.143585107849813461e+09 2.949401600096395016e+09
2.878574537094561100e+09 1.143645574729541540e+09 2.949415189169924259e+09
2.878613915089526653e+09 1.143664769037141323e+09 2.949425903855426311e+09
2.878645147174255371e+09 1.143668842937744617e+09 2.949430415467779636e+09
2.878668483252930164e+09 1.143675413272798300e+09 2.949432304927315235e+09
2.878688464210633278e+09 1.143677374369458437e+09 2.949438286723310471e+09
2.878704103317477226e+09 1.143673624028887749e+09 2.949441301558311939e+09
2.878713609479357243e+09 1.143667375496492386e+09 2.949443586871767044e+09
2.878715520313794613e+09 1.143661261168303251e+09 2.949444457940296650e+09
2.878715367292271614e+09 1.143648311276225567e+09 2.949443465772945404e+09
2.878712985143264771e+09 1.143626774810539246e+09 2.949442491172263622e+09
2.878709779232253551e+09 1.143608707189409018e+09 2.949442957782390118e+09
2.878705818731272221e+09 1.143594238762051105e+09 2.949444099411701679e+09
2.878700386089011669e+09 1.143581181249866486e+09 2.949444969088352680e+09
2.878694360245746613e+09 1.143567254990979910e+09 2.949445481364584446e+09
2.878687865789383411e+09 1.143555592744489908e+09 2.949445242799045086e+09
2.878682134401688099e+09 1.143546384324609280e+09 2.949445233517991543e+09
2.878677081176763058e+09 1.143537906532407761e+09 2.949444938540426254e+09
2.878672512677009106e+09 1.143530159661214828e+09 2.949444848665338516e+09
2.878668157987813473e+09 1.143524448593446732e+09 2.949444940211737633e+09
2.878664284923809052e+09 1.143520381679296255e+09 2.949444973888637543e+09
2.878660723293270111e+09 1.143516503436553240e+09 2.949444850038119793e+09
2.878657604379459858e+09 1.143513128086250305e+09 2.949444589858710766e+09
2.878654937187771320e+09 1.143510540157881260e+09 2.949444290533335686e+09
2.878652601857943058e+09 1.143508744702743292e+09 2.949444008481563568e+09
2.878650705266257286e+09 1.143507137775446415e+09 2.949443791410768032e+09
2.878649029472668648e+09 1.143505720147176504e+09 2.949443532474609852e+09
2.878647662141468048e+09 1.143504841057966709e+09 2.949443354280901909e+09
2.878646524006827831e+09 1.143504239629432440e+09 2.949443182346199512e+09
2.878645616608357430e+09 1.143503667868533134e+09 2.949442966715711594e+09
2.878644862816257954e+09 1.143503279704533100e+09 2.949442797584223270e+09
2.878644304314598560e+09 1.143503065205401897e+09 2.949442648924962997e+09
2.878643871525183678e+09 1.143503044033656597e+09 2.949442543840389252e+09
2.878643552951564312e+09 1.143502990429170609e+09 2.949442437483288288e+09
2.878643309260233402e+09 1.143503014260727406e+09 2.949442333874656200e+09
2.878643157005569935e+09 1.143503179665543079e+09 2.949442329562851906e+09
2.878643013813080788e+09 1.143503224220303535e+09 2.949442225837230206e+09
2.878642949179781914e+09 1.143503339645440578e+09 2.949442188729039669e+09
2.878642904431198597e+09 1.143503445892808914e+09 2.949442113821465015e+09
2.878642941286492825e+09 1.143503643246676207e+09 2.949442139537288189e+09
2.878642938520315647e+09 1.143503742308804274e+09 2.949442125528274059e+09
2.878642969620643616e+09 1.143503831274557114e+09 2.949442089701532841e+09
2.878643003557550907e+09 1.143503969081657648e+09 2.949442078635848522e+09
2.878643028400959492e+09 1.143504065896317482e+09 2.949442087461627960e+09
2.878643080371492386e+09 1.143504110142139912e+09 2.949442069978600025e+09
2.878643100854555607e+09 1.143504192946143150e+09 2.949442051647657871e+09
2.878643138604702950e+09 1.143504250142839909e+09 2.949442038015377998e+09
2.878643193892253876e+09 1.143504358846887827e+09 2.949442069669910908e+09
2.878643196736698627e+09 1.143504322573091507e+09 2.949442032058373451e+09
2.878643289365443707e+09 1.143504411589924812e+09 2.949442059727250576e+09
2.878643274035863876e+09 1.143504419447973490e+09 2.949442074969720364e+09
2.878643300468058586e+09 1.143504465090251446e+09 2.949442060570374012e+09
2.878643307985399723e+09 1.143504453916592121e+09 2.949442071869155407e+09
2.878643333617161751e+09 1.143504497177566051e+09 2.949442064619120598e+09
2.878643364041135788e+09 1.143504532824723244e+09 2.949442066614966869e+09
2.890587889632735729e+09 1.198854174971311808e+09 2.956247798306926727e+09
2.999613711033154011e+09 1.174281361515028000e+09 2.998547773209997654e+09
2.999810611472943783e+09 1.175056396957853556e+09 2.995179627732309341e+09
2.996842145279724598e+09 1.152736670339971066e+09 2.996333279331314087e+09
2.993413557167950630e+09 1.144431309245520830e+09 2.986591082840149879e+09
2.993886189940247059e+09 1.142784384647375584e+09 2.989451299984037399e+09
2.995954483614387512e+09 1.138385090213250399e+09 2.989399055213390350e+09
2.995214333015057087e+09 1.128358972529763222e+09 2.987062221817251682e+09
2.992943178997258186e+09 1.124748814249670267e+09 2.981505767275042057e+09
2.990365518176565170e+09 1.115940243074178219e+09 2.976575140665369511e+09
2.994721578920161724e+09 1.106608800750992775e+09 2.968530462486172676e+09
2.984909885509792328e+09 1.093454506884102106e+09 2.962608339661176205e+09
2.987801287396399975e+09 1.096565403614425659e+09 2.963361697590860367e+09
2.990656106063297749e+09 1.104300470532548428e+09 2.967447812021053314e+09
2.990234738577028751e+09 1.100899357276500702e+09 2.967943629185269833e+09
2.989192855584899426e+09 1.095960020425428391e+09 2.967351575342407227e+09
2.986424977156149864e+09 1.093043198229246378e+09 2.966757877866024494e+09
2.986188301354364872e+09 1.091652013466724873e+09 2.968588145369390011e+09
2.985506417173146248e+09 1.088157674347687960e+09 2.968597222541105747e+09
2.985838940637010574e+09 1.087191612239809990e+09 2.970577920627309799e+09
2.983835961087852955e+09 1.088816784381539583e+09 2.971623538136261463e+09
2.984506656233011723e+09 1.089562329550599813e+09 2.972154058536814213e+09
2.984754477216102123e+09 1.088688838149467468e+09 2.972048012982198238e+09
2.984975861205848694e+09 1.089259243749637604e+09 2.971920632960482121e+09
2.985457417016638756e+09 1.090152521780722380e+09 2.972207480716085434e+09
2.985931408156508923e+09 1.091412385478007078e+09 2.972416973963117123e+09
2.986439259701653004e+09 1.091850577648781776e+09 2.972704079252283096e+09
2.986328122050714493e+09 1.092774280579378605e+09 2.972469313357579231e+09
2.986744055769289970e+09 1.093739675458612919e+09 2.972614177655327797e+09
2.986831992627907753e+09 1.094333151517464161e+09 2.972239370542536736e+09
2.987059370440089226e+09 1.094736205088347673e+09 2.972124299599353790e+09
2.986985262386334419e+09 1.095063989419216394e+09 2.971954761795209885e+09
2.987332236158336639e+09 1.095796507868900299e+09 2.971976150879758835e+09
2.987491794807392597e+09 1.096086233150095224e+09 2.971948056484326839e+09
2.987720531227826118e+09 1.096430489594256878e+09 2.971855785012301922e+09
2.987837288453749657e+09 1.096720657959096193e+09 2.971797147148643970e+09
2.987923033898679733e+09 1.097034904733896255e+09 2.971668180534830570e+09
2.988051989426176548e+09 1.097117492283411264e+09 2.971642262124459267e+09
2.988082518290296078e+09 1.097208398141574383e+09 2.971515625118430614e+09
2.988172294621359825e+09 1.097333944035983086e+09 2.971515828726528168e+09
2.988170312413371563e+09 1.097397005560118914e+09 2.971444919500815392e+09
2.988242663596616268e+09 1.097402103044542313e+09 2.971429111853636742e+09
2.988220067292185307e+09 1.097385499447485447e+09 2.971350342958594322e+09
2.988238229697051525e+09 1.097396924841830969e+09 2.971316069187188148e+09
2.988239938788864136e+09 1.097374770778578997e+09 2.971278218961512566e+09
2.988240774430863857e+09 1.097359295315436840e+09 2.971251361111557961e+09
2.988247648623324871e+09 1.097339245753676414e+09 2.971245551662742138e+09
2.988235597092345715e+09 1.097334392439983130e+09 2.971231273911377907e+09
2.988247985539877415e+09 1.097318351498136997e+09 2.971239569532503128e+09
2.988231298763209343e+09 1.097298120227375269e+09 2.971228581256640434e+09
2.988238537762773991e+09 1.097287466766324282e+09 2.971241436183960915e+09
2.988225840875928879e+09 1.097278021072672129e+09 2.971242763300492287e+09
2.988228837986311436e+09 1.097271429378818035e+09 2.971255278821506023e+09
2.988223840895638466e+09 1.097262989115913630e+09 2.971259513905163288e+09
2.988221787551268101e+09 1.097262436845395803e+09 2.971265518441296101e+09
2.988221752623090744e+09 1.097259955003986597e+09 2.971270738035603046e+09
2.988218485956273556e+09 1.097259150285937071e+09 2.971271362714118481e+09
2.988221545134754658e+09 1.097258701925700903e+09 2.971275529085654259e+09
2.988217799719614506e+09 1.097260082761052370e+09 2.971274557103649139e+09
2.988221394050557613e+09 1.097261744915409565e+09 2.971277813024050236e+09
2.988219294514889717e+09 1.097262439927259922e+09 2.971276194279902935e+09
2.988221278153423786e+09 1.097263913073555231e+09 2.971277364308529854e+09
2.988220410147334576e+09 1.097264338268952131e+09 2.971276259966604710e+09
2.988220981573723316e+09 1.097265293335887194e+09 2.971276203863384247e+09
2.988221190221904278e+09 1.097264993497019768e+09 2.971275840046485901e+09
2.988220599076953411e+09 1.097265246248217583e+09 2.971275083436547279e+09
2.988221358225746155e+09 1.097265031945212126e+09 2.971275309587344646e+09
2.988220355413520336e+09 1.097264838809758902e+09 2.971274399937019348e+09
2.988221108119599342e+09 1.097264483357827425e+09 2.971274757918833256e+09
2.988220265069282532e+09 1.097264029977623701e+09 2.971274029495901585e+09
2.988220676577656746e+09 1.097263867440439939e+09 2.971274381734591484e+09
2.988220206630290985e+09 1.097263407655942202e+09 2.971274078115076065e+09
2.988220266373222828e+09 1.097263208375060081e+09 2.971274251372752666e+09
2.988220154817976952e+09 1.097262899761513472e+09 2.971274299889890194e+09
2.988219993381835461e+09 1.097262851136549950e+09 2.971274345473829269e+09
2.988220078789900303e+09 1.097262630576514721e+09 2.971274524184564114e+09
2.988219859527602196e+09 1.097262636218461990e+09 2.971274498924917698e+09
2.988220022894198895e+09 1.097262555996663570e+09 2.971274729574962616e+09
2.988219787499253750e+09 1.097262494583292484e+09 2.971274687378196716e+09
2.988219923365437508e+09 1.097262476379635572e+09 2.971274836554710388e+09
2.988219870296175480e+09 1.097262561569241285e+09 2.971274850629788399e+09
2.988219871504333496e+09 1.097262519670464993e+09 2.971274898278048515e+09
2.988219880963612080e+09 1.097262572941442251e+09 2.971274908834950924e+09
2.988219870848811150e+09 1.097262657435348749e+09 2.971274907307136536e+09
2.988219904965528488e+09 1.097262623415299416e+09 2.971274915587605000e+09
2.988219865974833012e+09 1.097262654320161104e+09 2.971274902640353203e+09
2.988219925839816093e+09 1.097262683978015900e+09 2.971274908988249302e+09
2.988219917968996048e+09 1.097262756259746313e+09 2.971274923828924179e+09
2.988219923769381046e+09 1.097262664965494394e+09 2.971274873408202171e+09
2.988219930589620590e+09 1.097262691235875130e+09 2.971274873671970367e+09
2.988219929437392235e+09 1.097262721768766165e+09 2.971274883683346748e+09
2.988219954491087914e+09 1.097262742469937563e+09 2.971274874928291798e+09
2.988219934504133701e+09 1.097262692789784431e+09 2.971274855597042084e+09
2.988219931107872963e+09 1.097262727074182272e+09 2.971274820525407791e+09
2.988219910572790146e+09 1.097262714248295546e+09 2.971274835321882725e+09
2.988219923772196770e+09 1.097262708749876499e+09 2.971274825186193466e+09
2.988219921595016956e+09 1.097262654306070328e+09 2.971274827161686897e+09
2.988219935894055843e+09 1.097262764007899761e+09 2.971274835058761597e+09
2.988219938821831226e+09 1.097262729482729673e+09 2.971274871473191738e+09
2.988219914730956554e+09 1.097262677361678600e+09 2.971274847222241402e+09
2.940668467169798374e+09 9.412528421483230591e+08 2.999991032751964569e+09
2.944398313105685711e+09 9.054819278536514044e+08 2.999992279228815079e+09
2.939247545906484127e+09 9.032961205913120508e+08 2.999991996194592953e+09
2.944938187734713554e+09 9.036929278058011532e+08 2.999995850254261971e+09
2.939685803367508888e+09 9.073154963561245203e+08 2.999994652771431446e+09
2.936494989331307888e+09 9.157442749328379631e+08 2.999991521588947773e+09
2.933237625976044178e+09 9.143559422431581020e+08 2.999988172439255238e+09
2.940398782976683617e+09 9.080541002859917879e+08 2.999913654885889530e+09
2.942184991200578213e+09 9.013680729157906771e+08 2.998526776834134579e+09
2.945310774122491360e+09 9.009036122617932558e+08 2.999510303737890244e+09
2.946434787818019867e+09 9.014712950412461758e+08 2.997048720127616882e+09
2.946110640219733238e+09 9.015950496557440758e+08 2.994911951196283817e+09
2.945737098678925037e+09 9.013507029278726578e+08 2.990754117249120712e+09
2.946190508280884266e+09 9.013132391559253931e+08 2.986674993404501438e+09
2.945008597322617531e+09 9.015093948449302912e+08 2.982134099789053917e+09
2.943374683549775600e+09 9.022266313055555820e+08 2.978802697385726929e+09
2.941412666039703846e+09 9.025261875509905815e+08 2.974537588493261814e+09
2.940663884831126213e+09 9.030363445028868914e+08 2.971136663046815395e+09
2.937865349403490543e+09 9.033226101135976315e+08 2.966510501759465694e+09
2.934542116841852665e+09 9.029363371729427576e+08 2.961256927315118790e+09
2.931191953122828960e+09 9.026648901617250443e+08 2.956279660743641853e+09
2.929397583770542145e+09 9.045520345897252560e+08 2.952284564554358006e+09
2.925899660436945438e+09 9.022536910762009621e+08 2.947278445154402733e+09
2.923843365910508156e+09 9.039341061247829199e+08 2.943390158683598042e+09
2.920090938088943481e+09 9.026617800482006073e+08 2.937823879613482952e+09
2.917194229747565746e+09 9.032838757235245705e+08 2.932865146699829578e+09
2.914610367337243080e+09 9.023980049400146008e+08 2.928387287445652008e+09
2.917704681557949066e+09 9.100816961553879976e+08 2.928644274739011765e+09
2.915164396352796555e+09 9.091012080568131208e+08 2.924925627983792782e+09
2.921127721829805374e+09 9.221941350789191723e+08 2.928219811331493378e+09
2.920597241589653969e+09 9.231774258971980810e+08 2.926373517474436760e+09
2.924933250598071098e+09 9.320315524938077927e+08 2.928991359579722404e+09
2.932268386251655579e+09 9.429459103252189159e+08 2.935699146187302589e+09
2.934867125009796619e+09 9.456324089639652967e+08 2.935598677824147224e+09
2.934943889465179443e+09 9.475684133871003389e+08 2.937011184624250889e+09
2.935212729390486240e+09 9.487109438603469133e+08 2.936876368450097561e+09
2.936518715730161190e+09 9.507573552617473602e+08 2.937459031419768810e+09
2.935724779822842598e+09 9.515507659742718935e+08 2.939908348731619835e+09
2.930356321721863270e+09 9.416768300541032553e+08 2.934228229294452667e+09
2.931381615966844559e+09 9.460161914741274118e+08 2.933601132403841972e+09
2.930122644323996544e+09 9.436497599226769209e+08 2.932083667222881317e+09
2.923950538156500816e+09 9.312728220974451303e+08 2.925018620385070801e+09
2.925003482849901199e+09 9.340651035550785065e+08 2.926848283893946648e+09
2.926133138901719093e+09 9.341492488528555632e+08 2.925920132695707798e+09
2.927954451560065269e+09 9.373031119109376669e+08 2.927995988077154636e+09
2.927970896019021988e+09 9.352321696797425747e+08 2.928298690471149445e+09
2.930444517210478306e+09 9.394753972206920385e+08 2.928467213662725925e+09
2.929436408037047863e+09 9.415914664669103622e+08 2.929186075856213570e+09
2.931190656035055637e+09 9.420544490120527744e+08 2.929703238136512280e+09
2.931134339660170078e+09 9.425943511962614059e+08 2.930173446700559139e+09
2.930122692893229008e+09 9.435103309220980406e+08 2.930222891312351704e+09
2.930877522694698334e+09 9.435996660867739916e+08 2.930370489692541599e+09
2.930284145933614254e+09 9.423352727402062416e+08 2.930058320020851612e+09
2.930146962307927608e+09 9.419808750532230139e+08 2.930468866586888313e+09
2.929400577606276512e+09 9.407144823405146599e+08 2.930104594843984127e+09
2.929624720751837730e+09 9.405176681439535618e+08 2.930053479982429028e+09
2.929161532837331772e+09 9.395182571099028587e+08 2.930079451464267731e+09
2.929259879308792114e+09 9.395075203446487188e+08 2.929980649983844280e+09
2.929055190426832199e+09 9.391119433050600290e+08 2.929908262394635677e+09
2.929229846743251801e+09 9.392203751710301638e+08 2.929843359691992760e+09
2.929199329706327915e+09 9.392320130369646549e+08 2.929790269723745346e+09
2.929208816866301060e+09 9.392941492980508804e+08 2.929724776081251144e+09
2.929315771946989536e+09 9.395100967662563324e+08 2.929734305712922573e+09
2.929285512124061108e+09 9.395511786434600353e+08 2.929638019397516251e+09
2.929347651775306702e+09 9.397164511751651764e+08 2.929661925851295471e+09
2.929287159615088463e+09 9.396511758544647694e+08 2.929625328745961189e+09
2.929328961267260551e+09 9.397395721541241407e+08 2.929614728191809177e+09
2.929243561158971310e+09 9.396464200862494707e+08 2.929599824325829029e+09
2.929270185238623619e+09 9.396481815338290930e+08 2.929588222687825680e+09
2.929205681480781555e+09 9.395556851231977940e+08 2.929580468354493618e+09
2.929204326268412590e+09 9.395384392043612003e+08 2.929566133483916759e+09
2.929184198223210812e+09 9.394837320252357721e+08 2.929552944622050762e+09
2.929172390744796753e+09 9.394526490028760433e+08 2.929536014329026222e+09
2.929173740042128086e+09 9.394439415514065027e+08 2.929532771288097382e+09
2.929166216009305477e+09 9.394266364602411985e+08 2.929513539271526337e+09
2.929177070538210869e+09 9.394426965040346384e+08 2.929510542454134464e+09
2.929170643314078808e+09 9.394344365177700520e+08 2.929499757112290382e+09
2.929183187706418991e+09 9.394580389738740921e+08 2.929495561824125767e+09
2.929176248629546165e+09 9.394558582053508759e+08 2.929490672149678230e+09
2.929186526210372925e+09 9.394726830817943811e+08 2.929487522805535316e+09
2.929180383903984070e+09 9.394710127481901646e+08 2.929485078847046375e+09
2.929183961749983788e+09 9.394787691542683840e+08 2.929483537645483494e+09
2.929181513560235977e+09 9.394770524191874266e+08 2.929482591463682652e+09
2.929180674137691975e+09 9.394767799424628019e+08 2.929480720533642292e+09
2.929179860678252220e+09 9.394756461202008724e+08 2.929481114453804970e+09
2.929177956190132618e+09 9.394720892926510572e+08 2.929479154983654976e+09
2.929178462208502293e+09 9.394723126987853050e+08 2.929479403837911606e+09
2.929176634437681198e+09 9.394687413438484669e+08 2.929478244205010414e+09
2.929178047637810230e+09 9.394701076219961643e+08 2.929477985394641876e+09
2.929176662125949860e+09 9.394681553112939596e+08 2.929477421671738625e+09
2.929178322298975468e+09 9.394701612483741045e+08 2.929477123701385498e+09
2.929177707529608250e+09 9.394696773691420555e+08 2.929476836843911171e+09
2.929178773453929901e+09 9.394714275339355469e+08 2.929476696617058277e+09
2.929178774540692329e+09 9.394718990081682205e+08 2.929476696016548157e+09
2.929179208830337048e+09 9.394729172883307934e+08 2.929476542155760765e+09
2.929179416495236874e+09 9.394735952096550465e+08 2.929476777371342182e+09
2.929179473453185558e+09 9.394738887913405895e+08 2.929476670265412331e+09
2.929179714543049335e+09 9.394745127003866434e+08 2.929476935379138947e+09
2.929179563950149536e+09 9.394743465432494879e+08 2.929476964462271214e+09
2.929179776606132030e+09 9.394746880071858168e+08 2.929477059529160500e+09
2.999962779907316685e+09 1.151027156704232931e+09 2.986511996427230835e+09
2.993971923004507542e+09 1.199979436202921629e+09 2.956730476940086842e+09
2.985967182052763462e+09 1.199893926948572636e+09 2.966238904022862911e+09
2.993198481668694973e+09 1.199710859545958519e+09 2.965880899800154686e+09
2.986232809787498474e+09 1.192713668729085922e+09 2.959388273905738831e+09
2.995274488343353271e+09 1.191948762778520107e+09 2.961910798065908432e+09
2.999735187051814556e+09 1.175692466243848085e+09 2.960737376999236107e+09
2.996268657665023804e+09 1.163967423096746445e+09 2.961159634689114571e+09
2.984852050529012203e+09 1.148792944226599455e+09 2.963549452792374134e+09
2.994122663254837036e+09 1.128497448058147192e+09 2.953414704514330387e+09
2.990299202125316620e+09 1.125436575933238745e+09 2.954648521675606251e+09
2.988393487766873360e+09 1.107553336575014830e+09 2.947541813128133297e+09
2.981995440328409195e+09 1.090081141783984900e+09 2.940732497041913986e+09
2.976140573839004040e+09 1.074202516172612906e+09 2.933120005578959942e+09
2.974248774181906700e+09 1.064612494674884558e+09 2.926156720916470051e+09
2.969249120315676689e+09 1.055903924692000866e+09 2.920349055233170509e+09
2.968054691103107929e+09 1.055448954435473204e+09 2.919200168654216290e+09
2.966543288290788174e+09 1.057400765323572516e+09 2.921933913277030468e+09
2.966394063352999210e+09 1.058657960994069695e+09 2.926081421094925880e+09
2.966101409411454678e+09 1.056612291895531535e+09 2.929492014399510384e+09
2.965728301960122108e+09 1.056353991459045410e+09 2.932180430769923687e+09
2.966252444392964363e+09 1.058902872239411235e+09 2.934135575095422268e+09
2.967032229903815269e+09 1.061235276186646819e+09 2.935967632442024708e+09
2.967916525897528172e+09 1.063311669727275133e+09 2.936941819084197998e+09
2.967669906967362881e+09 1.065706335592167854e+09 2.936776543090179443e+09
2.968379800078034401e+09 1.067311308392771363e+09 2.936496294940074921e+09
2.968797748930049896e+09 1.067807816002116680e+09 2.936074470214921474e+09
2.969282703358218193e+09 1.067963400506888866e+09 2.935603810231227398e+09
2.969491467052105904e+09 1.068685611804619074e+09 2.935133208176918983e+09
2.969885383163968086e+09 1.069771159397886515e+09 2.934827598102575302e+09
2.970275855784408092e+09 1.070523032231186390e+09 2.934673976063549042e+09
2.970586932407713413e+09 1.071301261340870857e+09 2.934729481533801079e+09
2.970976682475624084e+09 1.072222136108143091e+09 2.934790711956436634e+09
2.971256701385867119e+09 1.073134653907909870e+09 2.934801478739261627e+09
2.971522954171709538e+09 1.073635400196949482e+09 2.934907561432787418e+09
2.971597741091462612e+09 1.074092076391848564e+09 2.934937430541148186e+09
2.971663488056896210e+09 1.074553790599826574e+09 2.934945673637271881e+09
2.971711859323071480e+09 1.074938948103964329e+09 2.934831351709907532e+09
2.971783965427437305e+09 1.075215644429022312e+09 2.934724775335193157e+09
2.971915544239161491e+09 1.075543559230238438e+09 2.934684872240486622e+09
2.972026628770610809e+09 1.075794167441884041e+09 2.934633797528698921e+09
2.972184575525599003e+09 1.075968621176845312e+09 2.934575942889658928e+09
2.972291211842980385e+09 1.076068417582792044e+09 2.934514907331712723e+09
2.972373348336517811e+09 1.076152129516062260e+09 2.934469013000596523e+09
2.972412468274398327e+09 1.076196361929618597e+09 2.934424143609205723e+09
2.972454636135371208e+09 1.076195721387711287e+09 2.934389439682494164e+09
2.972476748650037289e+09 1.076190845499372005e+09 2.934356257078342915e+09
2.972485219557666779e+09 1.076177248722274780e+09 2.934331120906224728e+09
2.972499959339933395e+09 1.076143717708704948e+09 2.934313670027212143e+09
2.972493803604430676e+09 1.076101971189971924e+09 2.934295345996970654e+09
2.972489697801607132e+09 1.076059761275781870e+09 2.934285250068841457e+09
2.972474687513170242e+09 1.076022145710536242e+09 2.934278779108765125e+09
2.972463401966024876e+09 1.075985795123175144e+09 2.934279127839023113e+09
2.972447411745197773e+09 1.075952656524723530e+09 2.934278591642115116e+09
2.972433651532726765e+09 1.075924265651561022e+09 2.934282063756465435e+09
2.972420535013267040e+09 1.075901766261703014e+09 2.934286319261504173e+09
2.972407642759288311e+09 1.075881702032514572e+09 2.934290893200833797e+09
2.972397949195757866e+09 1.075864747670765162e+09 2.934296532608865738e+09
2.972387394760889053e+09 1.075853727693987608e+09 2.934301516427502155e+09
2.972380612345219612e+09 1.075845606484215975e+09 2.934306934231902122e+09
2.972373954825537682e+09 1.075840040860605478e+09 2.934310987452941418e+09
2.972369822037978649e+09 1.075836149838462114e+09 2.934314875156851768e+09
2.972366056199116230e+09 1.075834945705150366e+09 2.934317536323287010e+09
2.972363779640955925e+09 1.075834467595535040e+09 2.934319989707198620e+09
2.972362472108175278e+09 1.075834915401916981e+09 2.934321698094695091e+09
2.972361437873425484e+09 1.075836067890289068e+09 2.934322879980675697e+09
2.972361352729431629e+09 1.075837702059448004e+09 2.934323824159828663e+09
2.972361296687626362e+09 1.075839531634036779e+09 2.934324258900033951e+09
2.972361824722957134e+09 1.075841083051771164e+09 2.934324538522986412e+09
2.972362167350118160e+09 1.075842724837898731e+09 2.934324459186942101e+09
2.972362876490052700e+09 1.075844179115835667e+09 2.934324460390954494e+09
2.972363425213406563e+09 1.075845472477496624e+09 2.934324249860848427e+09
2.972364006942573071e+09 1.075846455220124245e+09 2.934324039933098793e+09
2.972364523263758659e+09 1.075847225818990707e+09 2.934323744698077202e+09
2.972364929872452736e+09 1.075847913582229614e+09 2.934323499298497677e+09
2.972365347769532204e+09 1.075848321784259081e+09 2.934323270100751400e+09
2.972365659588254452e+09 1.075848665859104395e+09 2.934323071000920296e+09
2.972365892891728878e+09 1.075848780735982656e+09 2.934322886834913254e+09
2.972366029373772621e+09 1.075848922981909513e+09 2.934322707218219280e+09
2.972366172109133244e+09 1.075848898143930674e+09 2.934322602815822124e+09
2.972366226268368244e+09 1.075848810484824181e+09 2.934322477094084740e+09
2.972366247562028408e+09 1.075848754752063990e+09 2.934322427404543400e+09
2.972366248017471790e+09 1.075848621468197107e+09 2.934322382336581230e+09
2.972366257205553055e+09 1.075848573503111839e+09 2.934322350779006004e+09
2.972366220886568069e+09 1.075848386891608715e+09 2.934322307027458191e+09
2.972366186959241867e+09 1.075848337990894556e+09 2.934322341051546097e+09
2.972366145871953487e+09 1.075848234875359774e+09 2.934322326405306816e+09
2.972366109232834339e+09 1.075848148593843937e+09 2.934322344535031796e+09
2.972366068115950584e+09 1.075848055891806602e+09 2.934322359059484482e+09
2.972366023396291256e+09 1.075848006975369692e+09 2.934322349034767151e+09
2.972366010802766323e+09 1.075847982797751904e+09 2.934322397156362534e+09
2.972365964748017311e+09 1.075847928184610605e+09 2.934322379768538952e+09
2.972365968742097855e+09 1.075847956358621836e+09 2.934322418685111523e+09
2.972365930550304413e+09 1.075847909631249189e+09 2.934322417413930893e+09
2.972365948306807041e+09 1.075847923383131027e+09 2.934322431320975304e+09
2.972365928193191528e+09 1.075847920835536718e+09 2.934322444880545139e+09
2.972365934896725178e+09 1.075847896196771383e+09 2.934322463774685383e+09
2.972365904824467659e+09 1.075847925014935970e+09 2.934322448489464760e+09
2.972365910245093346e+09 1.075847960009569407e+09 2.934322474346343040e+09
2.972365916281483650e+09 1.075847962557241201e+09 2.934322462520959854e+09
2.932068711646181107e+09 9.500295707999869585e+08 2.987953879716408730e+09
2.809170725094685078e+09 1.016166242088179827e+09 2.879984617402557850e+09
2.809142616529278278e+09 1.024385631637027979e+09 2.893935977511734962e+09
2.811377610622983932e+09 1.016647405646347404e+09 2.881008056527994156e+09
2.802332308032322884e+09 1.027353179309767365e+09 2.863392304031318188e+09
2.804955040943901539e+09 1.031396086983535051e+09 2.861388853804314613e+09
2.800710074190649986e+09 1.062150440318830013e+09 2.852491338390775681e+09
2.803499786869062424e+09 1.064028759032628536e+09 2.851954548757699490e+09
2.805983676830397129e+09 1.061180365403362989e+09 2.834855572821738243e+09
2.810301177640318394e+09 1.075033503701265335e+09 2.840775692957577229e+09
2.827277979812268257e+09 1.094805375336068392e+09 2.836000980667232037e+09
2.817847595345770359e+09 1.118019324481077433e+09 2.841289398423178196e+09
2.827938575318691730e+09 1.131685037779934883e+09 2.840977506058103085e+09
2.834486707051415920e+09 1.146780958583248377e+09 2.847525358066561222e+09
2.829231092108770847e+09 1.137255506401397467e+09 2.839376413224082947e+09
2.834810395703600883e+09 1.149334542377089739e+09 2.842818949054613113e+09
2.837515577022093296e+09 1.150058375106337786e+09 2.842446021647276878e+09
2.839030296523405552e+09 1.157903041920879364e+09 2.842415793191624165e+09
2.842801301103878975e+09 1.166948429491779566e+09 2.841356529392127037e+09
2.840669597487073898e+09 1.165448036546177387e+09 2.839125179129878044e+09
2.844687413710681438e+09 1.167607181191984653e+09 2.839013381344759941e+09
2.840828244153204918e+09 1.164042360029596090e+09 2.838996062315026283e+09
2.842579317578115463e+09 1.162531047301714897e+09 2.840611267347434521e+09
2.842220907088809967e+09 1.161542486432552576e+09 2.841127970703063488e+09
2.841407177829035759e+09 1.160226915146591425e+09 2.840625238997487068e+09
2.841476246342182636e+09 1.159885735670091152e+09 2.841880167073879242e+09
2.840869651398479939e+09 1.158260701179937363e+09 2.841450094033018112e+09
2.840415375134952545e+09 1.157667023446834087e+09 2.841731329210546017e+09
2.840924204679811954e+09 1.156658682592659950e+09 2.842425492902475834e+09
2.840080716881814957e+09 1.155211881845934153e+09 2.841569376953472614e+09
2.840031185984350204e+09 1.154499873977979898e+09 2.841720860212274075e+09
2.839239191180047989e+09 1.153028458535572052e+09 2.841242011517906189e+09
2.838921304583629131e+09 1.152374333628064632e+09 2.840799583861607075e+09
2.838720821736233234e+09 1.151847633119659662e+09 2.840682360230402470e+09
2.838486669187294960e+09 1.151258512540436506e+09 2.840382030161996365e+09
2.838379673732680798e+09 1.151121847622583628e+09 2.840262801379246235e+09
2.838130644332087517e+09 1.150755383708898544e+09 2.840103011401128769e+09
2.838023343646300793e+09 1.150556780571661949e+09 2.840034719867803097e+09
2.837956583730559826e+09 1.150369341076954842e+09 2.839872671175991058e+09
2.837857362591488838e+09 1.150154750361694574e+09 2.839783428465177059e+09
2.837905368609671116e+09 1.150108693207395315e+09 2.839729331260996819e+09
2.837839716805834293e+09 1.150040787524814367e+09 2.839628822260922909e+09
2.837875859348303795e+09 1.150084046469295263e+09 2.839629173995332241e+09
2.837885562906261444e+09 1.150090390824784040e+09 2.839580914848514080e+09
2.837901299832550526e+09 1.150138533944658041e+09 2.839539137614260197e+09
2.837932251754587173e+09 1.150186309354305983e+09 2.839547414553610325e+09
2.837938902860776424e+09 1.150195917731167078e+09 2.839516109480879307e+09
2.837967562038738728e+09 1.150250408205855846e+09 2.839521138354802608e+09
2.837979213606138229e+09 1.150254778631446838e+09 2.839521672511575699e+09
2.837999526920365810e+09 1.150285719918788195e+09 2.839521068879685879e+09
2.838016399665688515e+09 1.150307845300062656e+09 2.839529153587636471e+09
2.838022521522070885e+09 1.150316809306155920e+09 2.839537021518618107e+09
2.838039838827919006e+09 1.150337075469342709e+09 2.839549157725230217e+09
2.838041230672516346e+09 1.150338312608268023e+09 2.839553059250662327e+09
2.838049675329452515e+09 1.150344199204422951e+09 2.839565302412383080e+09
2.838051834537623405e+09 1.150340918867697001e+09 2.839567682358398438e+09
2.838051002719271183e+09 1.150337319504424572e+09 2.839571611095678806e+09
2.838052629252570629e+09 1.150332156269308805e+09 2.839577406992262840e+09
2.838049740215550900e+09 1.150324129473868132e+09 2.839576155217117786e+09
2.838049311044330120e+09 1.150320247846309185e+09 2.839579583299897194e+09
2.838046438584514618e+09 1.150311792249554157e+09 2.839579585524626255e+09
2.838044173596095562e+09 1.150306928767845154e+09 2.839579201328227520e+09
2.838041881157850742e+09 1.150301322638258934e+09 2.839579277714445591e+09
2.838039060673050880e+09 1.150295295791249990e+09 2.839578038717190266e+09
2.838037712401178837e+09 1.150291879694378138e+09 2.839576952311970711e+09
2.838035268572972775e+09 1.150287369346298218e+09 2.839575430101175785e+09
2.838034191316687584e+09 1.150284836155786514e+09 2.839574454391860485e+09
2.838032891959217072e+09 1.150282592522798300e+09 2.839572851140877724e+09
2.838031863209959507e+09 1.150280988605545044e+09 2.839571851407459736e+09
2.838031481494467258e+09 1.150280100097298145e+09 2.839570982153566360e+09
2.838030846881342411e+09 1.150279384577962637e+09 2.839569790588997841e+09
2.838030733989656448e+09 1.150279391442867279e+09 2.839569388378403187e+09
2.838030586052263737e+09 1.150279152512492657e+09 2.839568662231933117e+09
2.838030631412725449e+09 1.150279576758643389e+09 2.839568225348350525e+09
2.838030766326628208e+09 1.150279785719369173e+09 2.839568000626829624e+09
2.838030917070502281e+09 1.150280162087841511e+09 2.839567706588533401e+09
2.838031174532310009e+09 1.150280705299152136e+09 2.839567654695000648e+09
2.838031333394372463e+09 1.150281059091902018e+09 2.839567600279953480e+09
2.838031569573508739e+09 1.150281484900876284e+09 2.839567623382478237e+09
2.838031767353665829e+09 1.150281853035441160e+09 2.839567659781542778e+09
2.838031898817259789e+09 1.150282080997533083e+09 2.839567756578209877e+09
2.838032133996417522e+09 1.150282413722472668e+09 2.839567841479328156e+09
2.838032152227020741e+09 1.150282519543768883e+09 2.839567919070085049e+09
2.838032338926362514e+09 1.150282674068428755e+09 2.839568059020421028e+09
2.838032335160347939e+09 1.150282736675381899e+09 2.839568088520316124e+09
2.838032432078163147e+09 1.150282786752982616e+09 2.839568197948599339e+09
2.838032437232656956e+09 1.150282802163615227e+09 2.839568264394024372e+09
2.838032434227229595e+09 1.150282735839447021e+09 2.839568287433471680e+09
2.838032444859133720e+09 1.150282723122478247e+09 2.839568326632998943e+09
2.838032424793781757e+09 1.150282652324868441e+09 2.839568353921370506e+09
2.838032418412380219e+09 1.150282628086153746e+09 2.839568367689805984e+09
2.838032394204919815e+09 1.150282567781137228e+09 2.839568372917176247e+09
2.838032387679499626e+09 1.150282544248021603e+09 2.839568398651159763e+09
2.838032350696412563e+09 1.150282460424776554e+09 2.839568387480855942e+09
2.838032343341656685e+09 1.150282457563731432e+09 2.839568372605585098e+09
2.838032313494504929e+09 1.150282399623829603e+09 2.839568365698484898e+09
2.838032312326405525e+09 1.150282363944487333e+09 2.839568338340712070e+09
2.838032276435744762e+09 1.150282338608199358e+09 2.839568348786946774e+09
2.838032282920218468e+09 1.150282295493452072e+09 2.839568343264869213e+09
2.838032264124671459e+09 1.150282274635225534e+09 2.839568326901022434e+09
2.838032281316482544e+09 1.150282280589677334e+09 2.839568325931055546e+09
