2.879968130653301239e+09 1.146809552590262175e+09 2.949390758347438335e+09
2.879968130653301239e+09 1.146809552590262175e+09 2.949390758347438335e+09
2.881094740265067101e+09 1.147785590449071169e+09 2.950539064925466537e+09
2.881094740265067101e+09 1.147785590449071169e+09 2.950539064925466537e+09
2.882139691988884926e+09 1.148574994011349678e+09 2.951696369857401371e+09
2.882139691988884926e+09 1.148574994011349678e+09 2.951696369857401371e+09
2.883111410964597225e+09 1.149306021991251945e+09 2.952760719502418995e+09
2.883111410964597225e+09 1.149306021991251945e+09 2.952760719502418995e+09
2.884008324730175972e+09 1.149981504753591061e+09 2.953741708294854164e+09
2.884008324730175972e+09 1.149981504753591061e+09 2.953741708294854164e+09
2.884833354561974049e+09 1.150603165196168661e+09 2.954643233344202042e+09
2.884833354561974049e+09 1.150603165196168661e+09 2.954643233344202042e+09
2.885589470602669239e+09 1.151173159697276354e+09 2.955468702979966164e+09
2.885589470602669239e+09 1.151173159697276354e+09 2.955468702979966164e+09
2.886279627634106159e+09 1.151693661619606256e+09 2.956221502716689587e+09
2.886279627634106159e+09 1.151693661619606256e+09 2.956221502716689587e+09
2.886906781114944935e+09 1.152166851777799129e+09 2.956904992969636440e+09
2.886906781114944935e+09 1.152166851777799129e+09 2.956904992969636440e+09
2.887473883333464146e+09 1.152594914808590412e+09 2.957522510249763966e+09
2.887473883333464146e+09 1.152594914808590412e+09 2.957522510249763966e+09
2.871608598549739361e+09 1.199942681667709112e+09 2.952721058723655224e+09
2.871608598549739361e+09 1.199942681667709112e+09 2.952721058723655224e+09
2.900429680391127110e+09 1.199609652324350357e+09 2.965745245530371189e+09
2.900429680391127110e+09 1.199609652324350357e+09 2.965745245530371189e+09
2.900239546300264359e+09 1.198076761722116470e+09 2.959687669009687424e+09
2.900239546300264359e+09 1.198076761722116470e+09 2.959687669009687424e+09
2.901134098954901695e+09 1.197238317979717493e+09 2.964566571150420189e+09
2.901134098954901695e+09 1.197238317979717493e+09 2.964566571150420189e+09
2.897507526787259102e+09 1.192945736743922710e+09 2.962906542491938114e+09
2.897507526787259102e+09 1.192945736743922710e+09 2.962906542491938114e+09
2.895825116410511494e+09 1.189354701933848619e+09 2.963363118670084000e+09
2.895825116410511494e+09 1.189354701933848619e+09 2.963363118670084000e+09
2.892601783693730831e+09 1.184715311294181347e+09 2.964935147143567562e+09
2.892601783693730831e+09 1.184715311294181347e+09 2.964935147143567562e+09
2.894252402072657108e+09 1.180952394884546995e+09 2.969091799611351967e+09
2.894252402072657108e+09 1.180952394884546995e+09 2.969091799611351967e+09
2.888522641970893383e+09 1.170445961825253487e+09 2.964217415068380833e+09
2.888522641970893383e+09 1.170445961825253487e+09 2.964217415068380833e+09
2.881470869300770760e+09 1.157580006985083342e+09 2.957030430388936043e+09
2.881470869300770760e+09 1.157580006985083342e+09 2.957030430388936043e+09
2.875930723261938572e+09 1.143624331563286066e+09 2.951388981252394676e+09
2.875930723261938572e+09 1.143624331563286066e+09 2.951388981252394676e+09
2.871176249821629047e+09 1.134183401686572790e+09 2.947322696946312904e+09
2.871176249821629047e+09 1.134183401686572790e+09 2.947322696946312904e+09
2.869849260175948143e+09 1.127281876266637564e+09 2.944659430939290047e+09
2.869849260175948143e+09 1.127281876266637564e+09 2.944659430939290047e+09
2.868488116878297806e+09 1.125608639070862770e+09 2.943425200460752010e+09
2.868488116878297806e+09 1.125608639070862770e+09 2.943425200460752010e+09
2.868416070844956875e+09 1.124945287184398890e+09 2.942682022601817608e+09
2.868416070844956875e+09 1.124945287184398890e+09 2.942682022601817608e+09
2.868532470171620369e+09 1.126377288528906345e+09 2.944326007887835979e+09
2.868532470171620369e+09 1.126377288528906345e+09 2.944326007887835979e+09
2.869721913899911404e+09 1.127857491602212906e+09 2.945641092866787434e+09
2.869721913899911404e+09 1.127857491602212906e+09 2.945641092866787434e+09
2.871142765395631790e+09 1.129933267818729877e+09 2.947266244541546822e+09
2.871142765395631790e+09 1.129933267818729877e+09 2.947266244541546822e+09
2.876012500837316036e+09 1.134661562673389196e+09 2.946723247282687664e+09
2.876012500837316036e+09 1.134661562673389196e+09 2.946723247282687664e+09
2.877067475810013771e+09 1.135927675712293863e+09 2.947578999958192348e+09
2.877067475810013771e+09 1.135927675712293863e+09 2.947578999958192348e+09
2.877669014508289337e+09 1.137436750699292660e+09 2.948275665282083511e+09
2.877669014508289337e+09 1.137436750699292660e+09 2.948275665282083511e+09
2.877242506403830528e+09 1.138136433911477804e+09 2.948530046591223240e+09
2.877242506403830528e+09 1.138136433911477804e+09 2.948530046591223240e+09
2.877255201540839195e+09 1.139143041707217216e+09 2.948522386873150349e+09
2.877255201540839195e+09 1.139143041707217216e+09 2.948522386873150349e+09
2.876912218884130955e+09 1.139314109577075720e+09 2.948728334425999165e+09
2.876912218884130955e+09 1.139314109577075720e+09 2.948728334425999165e+09
2.876946149377599239e+09 1.139512684136563063e+09 2.948588502738408089e+09
2.876946149377599239e+09 1.139512684136563063e+09 2.948588502738408089e+09
2.876721500736453056e+09 1.140008523667891502e+09 2.948453608362121105e+09
2.876721500736453056e+09 1.140008523667891502e+09 2.948453608362121105e+09
2.876860475206907749e+09 1.140201453074461699e+09 2.948183432537732601e+09
2.876860475206907749e+09 1.140201453074461699e+09 2.948183432537732601e+09
2.877233331647718906e+09 1.140283992510122061e+09 2.948024500816982269e+09
2.877233331647718906e+09 1.140283992510122061e+09 2.948024500816982269e+09
2.877605383864813328e+09 1.140439326317109346e+09 2.947826408074935436e+09
2.877605383864813328e+09 1.140439326317109346e+09 2.947826408074935436e+09
2.878028167587832928e+09 1.140989147311606884e+09 2.947791039732636929e+09
2.878028167587832928e+09 1.140989147311606884e+09 2.947791039732636929e+09
2.878151023833239079e+09 1.141312619231464863e+09 2.947912158160157204e+09
2.878151023833239079e+09 1.141312619231464863e+09 2.947912158160157204e+09
2.878358946105104446e+09 1.141724047341135979e+09 2.948014371692575932e+09
2.878358946105104446e+09 1.141724047341135979e+09 2.948014371692575932e+09
2.878420843662951469e+09 1.142023953284980536e+09 2.948154497754645824e+09
2.878420843662951469e+09 1.142023953284980536e+09 2.948154497754645824e+09
2.878441204173709393e+09 1.142337981902412176e+09 2.948313134179128647e+09
2.878441204173709393e+09 1.142337981902412176e+09 2.948313134179128647e+09
2.878375368239751816e+09 1.142528450960504532e+09 2.948520504453217506e+09
2.878375368239751816e+09 1.142528450960504532e+09 2.948520504453217506e+09
2.878235525807023048e+09 1.142611967899615288e+09 2.948702412950919628e+09
2.878235525807023048e+09 1.142611967899615288e+09 2.948702412950919628e+09
2.878244658869363785e+09 1.142817792445904732e+09 2.948899054453773022e+09
2.878244658869363785e+09 1.142817792445904732e+09 2.948899054453773022e+09
2.878282418247245312e+09 1.143019336090422869e+09 2.949069789459204674e+09
2.878282418247245312e+09 1.143019336090422869e+09 2.949069789459204674e+09
2.878345804100348949e+09 1.143181201623356581e+09 2.949222350188756943e+09
2.878345804100348949e+09 1.143181201623356581e+09 2.949222350188756943e+09
2.878359694299501896e+09 1.143266433943514347e+09 2.949334090924276352e+09
2.878359694299501896e+09 1.143266433943514347e+09 2.949334090924276352e+09
2.878383897706170082e+09 1.143365270302336931e+09 2.949405751448741436e+09
2.878383897706170082e+09 1.143365270302336931e+09 2.949405751448741436e+09
2.878409263800095558e+09 1.143433002663517714e+09 2.949408205931624889e+09
2.878409263800095558e+09 1.143433002663517714e+09 2.949408205931624889e+09
2.878438778717495918e+09 1.143473735844208956e+09 2.949406858361072540e+09
2.878438778717495918e+09 1.143473735844208956e+09 2.949406858361072540e+09
2.878495322735561371e+09 1.143525455604044437e+09 2.949412371144104958e+09
2.878495322735561371e+09 1.143525455604044437e+09 2.949412371144104958e+09
2.878558569413570404e+09 1.143609093232688904e+09 2.949425624474530697e+09
2.878558569413570404e+09 1.143609093232688904e+09 2.949425624474530697e+09
2.878602846691691399e+09 1.143648954165302277e+09 2.949438511406261921e+09
2.878602846691691399e+09 1.143648954165302277e+09 2.949438511406261921e+09
2.878636774923873901e+09 1.143660116429390430e+09 2.949440393995521545e+09
2.878636774923873901e+09 1.143660116429390430e+09 2.949440393995521545e+09
2.878663784643834114e+09 1.143662823819464207e+09 2.949439979870131493e+09
2.878663784643834114e+09 1.143662823819464207e+09 2.949439979870131493e+09
2.878682990125963688e+09 1.143669607788064957e+09 2.949442234648878098e+09
2.878682990125963688e+09 1.143669607788064957e+09 2.949442234648878098e+09
2.878705181229743004e+09 1.143672592358725309e+09 2.949448331226634502e+09
2.878705181229743004e+09 1.143672592358725309e+09 2.949448331226634502e+09
2.878715573816804409e+09 1.143667672042312384e+09 2.949449274641417980e+09
2.878715573816804409e+09 1.143667672042312384e+09 2.949449274641417980e+09
2.878720347397977829e+09 1.143662508098264694e+09 2.949450259626607895e+09
2.878720347397977829e+09 1.143662508098264694e+09 2.949450259626607895e+09
2.878718213949396610e+09 1.143650043690099239e+09 2.949448937715717793e+09
2.878718213949396610e+09 1.143650043690099239e+09 2.949448937715717793e+09
2.878716260104125977e+09 1.143633267641415596e+09 2.949446974622800350e+09
2.878716260104125977e+09 1.143633267641415596e+09 2.949446974622800350e+09
2.878712376913267136e+09 1.143612337851118326e+09 2.949446643662145138e+09
2.878712376913267136e+09 1.143612337851118326e+09 2.949446643662145138e+09
2.878708378748974323e+09 1.143596650438450098e+09 2.949446745934864044e+09
2.878708378748974323e+09 1.143596650438450098e+09 2.949446745934864044e+09
2.878703082881265163e+09 1.143583867487740993e+09 2.949447545951273918e+09
2.878703082881265163e+09 1.143583867487740993e+09 2.949447545951273918e+09
2.878696162090565681e+09 1.143570993500583172e+09 2.949447057774689674e+09
2.878696162090565681e+09 1.143570993500583172e+09 2.949447057774689674e+09
2.878689751786785603e+09 1.143558074684059381e+09 2.949446907714426517e+09
2.878689751786785603e+09 1.143558074684059381e+09 2.949446907714426517e+09
2.878683066623385906e+09 1.143547962413011312e+09 2.949445954922904968e+09
2.878683066623385906e+09 1.143547962413011312e+09 2.949445954922904968e+09
2.878678118153506756e+09 1.143539900059486389e+09 2.949445639488462448e+09
2.878678118153506756e+09 1.143539900059486389e+09 2.949445639488462448e+09
2.878673312346995831e+09 1.143532332727361679e+09 2.949445346564855099e+09
2.878673312346995831e+09 1.143532332727361679e+09 2.949445346564855099e+09
2.878669188755632877e+09 1.143526420488921165e+09 2.949445263774631977e+09
2.878669188755632877e+09 1.143526420488921165e+09 2.949445263774631977e+09
2.878665070645860195e+09 1.143521823389133930e+09 2.949445223133145332e+09
2.878665070645860195e+09 1.143521823389133930e+09 2.949445223133145332e+09
2.878661442745517254e+09 1.143518337726306438e+09 2.949445024660626411e+09
2.878661442745517254e+09 1.143518337726306438e+09 2.949445024660626411e+09
2.878658367008930683e+09 1.143514900570294857e+09 2.949444772206588745e+09
2.878658367008930683e+09 1.143514900570294857e+09 2.949444772206588745e+09
2.878655584820530891e+09 1.143512143337271929e+09 2.949444364984179497e+09
2.878655584820530891e+09 1.143512143337271929e+09 2.949444364984179497e+09
2.878653301761617184e+09 1.143510078295771122e+09 2.949444132167794704e+09
2.878653301761617184e+09 1.143510078295771122e+09 2.949444132167794704e+09
2.878651265045927048e+09 1.143508538079398155e+09 2.949443812299851418e+09
2.878651265045927048e+09 1.143508538079398155e+09 2.949443812299851418e+09
2.878649601981882095e+09 1.143506986202827930e+09 2.949443609005524635e+09
2.878649601981882095e+09 1.143506986202827930e+09 2.949443609005524635e+09
2.878648082329619408e+09 1.143505828119933128e+09 2.949443324659616470e+09
2.878648082329619408e+09 1.143505828119933128e+09 2.949443324659616470e+09
2.878646926357444286e+09 1.143505043535124302e+09 2.949443134112490177e+09
2.878646926357444286e+09 1.143505043535124302e+09 2.949443134112490177e+09
2.878645940672798634e+09 1.143504395794098854e+09 2.949442902984805584e+09
2.878645940672798634e+09 1.143504395794098854e+09 2.949442902984805584e+09
2.878645173953024387e+09 1.143503928055800915e+09 2.949442734580462933e+09
2.878645173953024387e+09 1.143503928055800915e+09 2.949442734580462933e+09
2.878644600196101665e+09 1.143503590684160233e+09 2.949442614642138004e+09
2.878644600196101665e+09 1.143503590684160233e+09 2.949442614642138004e+09
2.878644047114271641e+09 1.143503399491969824e+09 2.949442445259218693e+09
2.878644047114271641e+09 1.143503399491969824e+09 2.949442445259218693e+09
2.878643727109221458e+09 1.143503327213919878e+09 2.949442382192226887e+09
2.878643727109221458e+09 1.143503327213919878e+09 2.949442382192226887e+09
2.878643453244480133e+09 1.143503290370355606e+09 2.949442291532724857e+09
2.878643453244480133e+09 1.143503290370355606e+09 2.949442291532724857e+09
2.878643295637432098e+09 1.143503344997036934e+09 2.949442242606441975e+09
2.878643295637432098e+09 1.143503344997036934e+09 2.949442242606441975e+09
2.878643145389925480e+09 1.143503401711355209e+09 2.949442213286183834e+09
2.878643145389925480e+09 1.143503401711355209e+09 2.949442213286183834e+09
2.878643084055346966e+09 1.143503510167982578e+09 2.949442158051600456e+09
2.878643084055346966e+09 1.143503510167982578e+09 2.949442158051600456e+09
2.878643036804816723e+09 1.143503643583130360e+09 2.949442110399641037e+09
2.878643036804816723e+09 1.143503643583130360e+09 2.949442110399641037e+09
2.878642987616279125e+09 1.143503686440341711e+09 2.949442099051762581e+09
2.878642987616279125e+09 1.143503686440341711e+09 2.949442099051762581e+09
2.878643022445924759e+09 1.143503779694464207e+09 2.949442093397394180e+09
2.878643022445924759e+09 1.143503779694464207e+09 2.949442093397394180e+09
2.878643002354360580e+09 1.143503866641911983e+09 2.949442051475313663e+09
2.878643002354360580e+09 1.143503866641911983e+09 2.949442051475313663e+09
2.878643039633834362e+09 1.143503963646377802e+09 2.949442083961699009e+09
2.878643039633834362e+09 1.143503963646377802e+09 2.949442083961699009e+09
2.878643098007154942e+09 1.143504084056947947e+09 2.949442083728126049e+09
2.878643098007154942e+09 1.143504084056947947e+09 2.949442083728126049e+09
2.878643084627123356e+09 1.143504142504661322e+09 2.949442067800632477e+09
2.878643084627123356e+09 1.143504142504661322e+09 2.949442067800632477e+09
2.890588001277986050e+09 1.198854145081997156e+09 2.956247909151923656e+09
2.890588001277986050e+09 1.198854145081997156e+09 2.956247909151923656e+09
2.889129765432344437e+09 1.197207621336515665e+09 2.958200238537606716e+09
2.889129765432344437e+09 1.197207621336515665e+09 2.958200238537606716e+09
2.999623118817844391e+09 1.172825211789980650e+09 2.999596373149743557e+09
2.999623118817844391e+09 1.172825211789980650e+09 2.999596373149743557e+09
2.998300021082968712e+09 1.170205446209609270e+09 2.995175035263620853e+09
2.998300021082968712e+09 1.170205446209609270e+09 2.995175035263620853e+09
2.996733430845142365e+09 1.146927461081415176e+09 2.994896242909455299e+09
2.996733430845142365e+09 1.146927461081415176e+09 2.994896242909455299e+09
2.994146232150523186e+09 1.139068335249110222e+09 2.985543479165192127e+09
2.994146232150523186e+09 1.139068335249110222e+09 2.985543479165192127e+09
2.993594781880011082e+09 1.135583204415631056e+09 2.986527632610876560e+09
2.993594781880011082e+09 1.135583204415631056e+09 2.986527632610876560e+09
2.993590044029342651e+09 1.131466939145019531e+09 2.990502295452207088e+09
2.993590044029342651e+09 1.131466939145019531e+09 2.990502295452207088e+09
2.994200700860581398e+09 1.127933024754495382e+09 2.987489065460867405e+09
2.994200700860581398e+09 1.127933024754495382e+09 2.987489065460867405e+09
2.994436120289483547e+09 1.123294030886267900e+09 2.979175391321490288e+09
2.994436120289483547e+09 1.123294030886267900e+09 2.979175391321490288e+09
2.988380426167624474e+09 1.117443383843505621e+09 2.975068566087585449e+09
2.988380426167624474e+09 1.117443383843505621e+09 2.975068566087585449e+09
2.990596355477449894e+09 1.101557278102107048e+09 2.965085764263810635e+09
2.990596355477449894e+09 1.101557278102107048e+09 2.965085764263810635e+09
2.984915592333840370e+09 1.095185185134138346e+09 2.960849102291364193e+09
2.984915592333840370e+09 1.095185185134138346e+09 2.960849102291364193e+09
2.984404855331947327e+09 1.096224228879117489e+09 2.961283779242580414e+09
2.984404855331947327e+09 1.096224228879117489e+09 2.961283779242580414e+09
2.986188843587258816e+09 1.097563543317535877e+09 2.962277543995088577e+09
2.986188843587258816e+09 1.097563543317535877e+09 2.962277543995088577e+09
2.991982558830339909e+09 1.104839322369030952e+09 2.969143370915857792e+09
2.991982558830339909e+09 1.104839322369030952e+09 2.969143370915857792e+09
2.989794125315585136e+09 1.098405681362857103e+09 2.968574703718962669e+09
2.989794125315585136e+09 1.098405681362857103e+09 2.968574703718962669e+09
2.987856261528747559e+09 1.094985270636567116e+09 2.968009067408180237e+09
2.987856261528747559e+09 1.094985270636567116e+09 2.968009067408180237e+09
2.986835077984344006e+09 1.091856422577821016e+09 2.968445060868921757e+09
2.986835077984344006e+09 1.091856422577821016e+09 2.968445060868921757e+09
2.986578979459358692e+09 1.090344003367897272e+09 2.969270286740408897e+09
2.986578979459358692e+09 1.090344003367897272e+09 2.969270286740408897e+09
2.985389974856260300e+09 1.088191970120456934e+09 2.970958426959283829e+09
2.985389974856260300e+09 1.088191970120456934e+09 2.970958426959283829e+09
2.984978196362054825e+09 1.088918401666550875e+09 2.971829105510907650e+09
2.984978196362054825e+09 1.088918401666550875e+09 2.971829105510907650e+09
2.984631415659904957e+09 1.090191598338459253e+09 2.972254284778912544e+09
2.984631415659904957e+09 1.090191598338459253e+09 2.972254284778912544e+09
2.983972269482759476e+09 1.090382637592040300e+09 2.971772140573298454e+09
2.983972269482759476e+09 1.090382637592040300e+09 2.971772140573298454e+09
2.985351486109280109e+09 1.089394105893586159e+09 2.971788352581067085e+09
2.985351486109280109e+09 1.089394105893586159e+09 2.971788352581067085e+09
2.985120284835141182e+09 1.090491425988484144e+09 2.971401074909843922e+09
2.985120284835141182e+09 1.090491425988484144e+09 2.971401074909843922e+09
2.985894473199630737e+09 1.091597207060061693e+09 2.972016309402952671e+09
2.985894473199630737e+09 1.091597207060061693e+09 2.972016309402952671e+09
2.986322853516006470e+09 1.092157691550765514e+09 2.972143833292330265e+09
2.986322853516006470e+09 1.092157691550765514e+09 2.972143833292330265e+09
2.986661057456785202e+09 1.093276979442740917e+09 2.972433285782439709e+09
2.986661057456785202e+09 1.093276979442740917e+09 2.972433285782439709e+09
2.986604258055792332e+09 1.093861352378325939e+09 2.972354719980598927e+09
2.986604258055792332e+09 1.093861352378325939e+09 2.972354719980598927e+09
2.986966064507558823e+09 1.094631883192329168e+09 2.972151553382373810e+09
2.986966064507558823e+09 1.094631883192329168e+09 2.972151553382373810e+09
2.987127486180447578e+09 1.094988373363224506e+09 2.972061310819717407e+09
2.987127486180447578e+09 1.094988373363224506e+09 2.972061310819717407e+09
2.987228451825421810e+09 1.095450393602761745e+09 2.971932635447980881e+09
2.987228451825421810e+09 1.095450393602761745e+09 2.971932635447980881e+09
2.987467419436789036e+09 1.095816278256610155e+09 2.972057768358348846e+09
2.987467419436789036e+09 1.095816278256610155e+09 2.972057768358348846e+09
2.987573142261204243e+09 1.096255278085423708e+09 2.971944447890938282e+09
2.987573142261204243e+09 1.096255278085423708e+09 2.971944447890938282e+09
2.987775461067827225e+09 1.096515065716392994e+09 2.971930997174234867e+09
2.987775461067827225e+09 1.096515065716392994e+09 2.971930997174234867e+09
2.987820665623435020e+09 1.096724877198637962e+09 2.971744189455314636e+09
2.987820665623435020e+09 1.096724877198637962e+09 2.971744189455314636e+09
2.987989161891699791e+09 1.096976664395908356e+09 2.971691275397650719e+09
2.987989161891699791e+09 1.096976664395908356e+09 2.971691275397650719e+09
2.987995477705522537e+09 1.097086660210567236e+09 2.971572946787849426e+09
2.987995477705522537e+09 1.097086660210567236e+09 2.971572946787849426e+09
2.988105815904683590e+09 1.097192844833623171e+09 2.971522875675433636e+09
2.988105815904683590e+09 1.097192844833623171e+09 2.971522875675433636e+09
2.988148938682443619e+09 1.097254799880237341e+09 2.971474025980065823e+09
2.988148938682443619e+09 1.097254799880237341e+09 2.971474025980065823e+09
2.988176829613678455e+09 1.097331991435921431e+09 2.971425908678571701e+09
2.988176829613678455e+09 1.097331991435921431e+09 2.971425908678571701e+09
2.988211410274241447e+09 1.097320581418128967e+09 2.971403909103210926e+09
2.988211410274241447e+09 1.097320581418128967e+09 2.971403909103210926e+09
2.988204727432765484e+09 1.097327649378571987e+09 2.971331509969477177e+09
2.988204727432765484e+09 1.097327649378571987e+09 2.971331509969477177e+09
2.988225796325492382e+09 1.097325807764555216e+09 2.971316086999084473e+09
2.988225796325492382e+09 1.097325807764555216e+09 2.971316086999084473e+09
2.988205095463526249e+09 1.097312522147707224e+09 2.971273265673963547e+09
2.988205095463526249e+09 1.097312522147707224e+09 2.971273265673963547e+09
2.988235154382604599e+09 1.097308999585504055e+09 2.971273558506938457e+09
2.988235154382604599e+09 1.097308999585504055e+09 2.971273558506938457e+09
2.988215572241646767e+09 1.097296578004586697e+09 2.971250733414289474e+09
2.988215572241646767e+09 1.097296578004586697e+09 2.971250733414289474e+09
2.988228144217567921e+09 1.097293949278361320e+09 2.971254764371533394e+09
2.988228144217567921e+09 1.097293949278361320e+09 2.971254764371533394e+09
2.988223059530923367e+09 1.097281623266821146e+09 2.971246312842601299e+09
2.988223059530923367e+09 1.097281623266821146e+09 2.971246312842601299e+09
2.988222954357828617e+09 1.097278456536239386e+09 2.971248211003240108e+09
2.988222954357828617e+09 1.097278456536239386e+09 2.971248211003240108e+09
2.988224951027270794e+09 1.097268478201533556e+09 2.971253843307278156e+09
2.988224951027270794e+09 1.097268478201533556e+09 2.971253843307278156e+09
2.988220076402074814e+09 1.097268525345383406e+09 2.971255510861171722e+09
2.988220076402074814e+09 1.097268525345383406e+09 2.971255510861171722e+09
2.988225839839429379e+09 1.097266140410323620e+09 2.971266782050338745e+09
2.988225839839429379e+09 1.097266140410323620e+09 2.971266782050338745e+09
2.988217966133151054e+09 1.097263781159109592e+09 2.971266350697689056e+09
2.988217966133151054e+09 1.097263781159109592e+09 2.971266350697689056e+09
2.988224525984477520e+09 1.097263847624475479e+09 2.971274143645871162e+09
2.988224525984477520e+09 1.097263847624475479e+09 2.971274143645871162e+09
2.988218261495919704e+09 1.097262956619171143e+09 2.971272601165381908e+09
2.988218261495919704e+09 1.097262956619171143e+09 2.971272601165381908e+09
2.988222253073543072e+09 1.097263971875930548e+09 2.971277013652542114e+09
2.988222253073543072e+09 1.097263971875930548e+09 2.971277013652542114e+09
2.988220114321290493e+09 1.097263168307865858e+09 2.971275910876490593e+09
2.988220114321290493e+09 1.097263168307865858e+09 2.971275910876490593e+09
2.988221101610924244e+09 1.097265164218602419e+09 2.971277265639291763e+09
2.988221101610924244e+09 1.097265164218602419e+09 2.971277265639291763e+09
2.988221536200930595e+09 1.097265072593915224e+09 2.971277234381053448e+09
2.988221536200930595e+09 1.097265072593915224e+09 2.971277234381053448e+09
2.988220626977475643e+09 1.097266066030717373e+09 2.971276029829919815e+09
2.988220626977475643e+09 1.097266066030717373e+09 2.971276029829919815e+09
2.988222429495403767e+09 1.097266039046774864e+09 2.971276530108388424e+09
2.988222429495403767e+09 1.097266039046774864e+09 2.971276530108388424e+09
2.988220412307806969e+09 1.097266123811876297e+09 2.971274625354084969e+09
2.988220412307806969e+09 1.097266123811876297e+09 2.971274625354084969e+09
2.988222360593399525e+09 1.097266158864610434e+09 2.971275468534455299e+09
2.988222360593399525e+09 1.097266158864610434e+09 2.971275468534455299e+09
2.988220630225637436e+09 1.097265664782813549e+09 2.971274028625427723e+09
2.988220630225637436e+09 1.097265664782813549e+09 2.971274028625427723e+09
2.988221738707916260e+09 1.097265593534699917e+09 2.971274683041536808e+09
2.988221738707916260e+09 1.097265593534699917e+09 2.971274683041536808e+09
2.988220736242252350e+09 1.097264811124089956e+09 2.971273901347981930e+09
2.988220736242252350e+09 1.097264811124089956e+09 2.971273901347981930e+09
2.988220916069672108e+09 1.097264655980353355e+09 2.971274112608863831e+09
2.988220916069672108e+09 1.097264655980353355e+09 2.971274112608863831e+09
2.988220694885681152e+09 1.097263974106402397e+09 2.971274006643470764e+09
2.988220694885681152e+09 1.097263974106402397e+09 2.971274006643470764e+09
2.988220282568218708e+09 1.097263701285367727e+09 2.971273905927509308e+09
2.988220282568218708e+09 1.097263701285367727e+09 2.971273905927509308e+09
2.988220563198337555e+09 1.097263290667301655e+09 2.971274235545575142e+09
2.988220563198337555e+09 1.097263290667301655e+09 2.971274235545575142e+09
2.988219916664571762e+09 1.097263082557576180e+09 2.971274014857696056e+09
2.988219916664571762e+09 1.097263082557576180e+09 2.971274014857696056e+09
2.988220344632624626e+09 1.097262845756080389e+09 2.971274480720509529e+09
2.988220344632624626e+09 1.097262845756080389e+09 2.971274480720509529e+09
2.988219793415033817e+09 1.097262681188755989e+09 2.971274232246503353e+09
2.988219793415033817e+09 1.097262681188755989e+09 2.971274232246503353e+09
2.988220139829619408e+09 1.097262690824521303e+09 2.971274619630014896e+09
2.988220139829619408e+09 1.097262690824521303e+09 2.971274619630014896e+09
2.988219846820125103e+09 1.097262540954177380e+09 2.971274532523955345e+09
2.988219846820125103e+09 1.097262540954177380e+09 2.971274532523955345e+09
2.988220003110605717e+09 1.097262645849954844e+09 2.971274753792803764e+09
2.988220003110605717e+09 1.097262645849954844e+09 2.971274753792803764e+09
2.988219927737693310e+09 1.097262552130327463e+09 2.971274776491453648e+09
2.988219927737693310e+09 1.097262552130327463e+09 2.971274776491453648e+09
2.988219889490294456e+09 1.097262635542134047e+09 2.971274838749936581e+09
2.988219889490294456e+09 1.097262635542134047e+09 2.971274838749936581e+09
2.988219967482659340e+09 1.097262558210283518e+09 2.971274918916860104e+09
2.988219967482659340e+09 1.097262558210283518e+09 2.971274918916860104e+09
2.988219859731384754e+09 1.097262620678069592e+09 2.971274859562732697e+09
2.988219859731384754e+09 1.097262620678069592e+09 2.971274859562732697e+09
2.988219969879351139e+09 1.097262676048542023e+09 2.971274961422941208e+09
2.988219969879351139e+09 1.097262676048542023e+09 2.971274961422941208e+09
2.988219866131956100e+09 1.097262675403812408e+09 2.971274883631442070e+09
2.988219866131956100e+09 1.097262675403812408e+09 2.971274883631442070e+09
2.988219976911060333e+09 1.097262684036026716e+09 2.971274937403913498e+09
2.988219976911060333e+09 1.097262684036026716e+09 2.971274937403913498e+09
2.988219903646136284e+09 1.097262744431521177e+09 2.971274871434358597e+09
2.988219903646136284e+09 1.097262744431521177e+09 2.971274871434358597e+09
2.988219959019582748e+09 1.097262706389778614e+09 2.971274914358170033e+09
2.988219959019582748e+09 1.097262706389778614e+09 2.971274914358170033e+09
2.988219919138057709e+09 1.097262689881232738e+09 2.971274854069129467e+09
2.988219919138057709e+09 1.097262689881232738e+09 2.971274854069129467e+09
2.988219937134914398e+09 1.097262708034852505e+09 2.971274849971057892e+09
2.988219937134914398e+09 1.097262708034852505e+09 2.971274849971057892e+09
2.988219947031262875e+09 1.097262716138111353e+09 2.971274868842525959e+09
2.988219947031262875e+09 1.097262716138111353e+09 2.971274868842525959e+09
2.988219924680339813e+09 1.097262752326475859e+09 2.971274837902500153e+09
2.988219924680339813e+09 1.097262752326475859e+09 2.971274837902500153e+09
2.988219937192661762e+09 1.097262719588253975e+09 2.971274817602392673e+09
2.988219937192661762e+09 1.097262719588253975e+09 2.971274817602392673e+09
2.988219907871578693e+09 1.097262726120084286e+09 2.971274822107627392e+09
2.988219907871578693e+09 1.097262726120084286e+09 2.971274822107627392e+09
2.988219922357580662e+09 1.097262711008806944e+09 2.971274826571240425e+09
2.988219922357580662e+09 1.097262711008806944e+09 2.971274826571240425e+09
2.988219918020059586e+09 1.097262696792123795e+09 2.971274815904841900e+09
2.988219918020059586e+09 1.097262696792123795e+09 2.971274815904841900e+09
2.988219912048707485e+09 1.097262711024050713e+09 2.971274850597885609e+09
2.988219912048707485e+09 1.097262711024050713e+09 2.971274850597885609e+09
2.988219953603534222e+09 1.097262715084558725e+09 2.971274869534369946e+09
2.988219953603534222e+09 1.097262715084558725e+09 2.971274869534369946e+09
2.988219915627716064e+09 1.097262713084217310e+09 2.971274857529319286e+09
2.988219915627716064e+09 1.097262713084217310e+09 2.971274857529319286e+09
2.988219944015062809e+09 1.097262712496156693e+09 2.971274861919326782e+09
2.988219944015062809e+09 1.097262712496156693e+09 2.971274861919326782e+09
2.988219901031259060e+09 1.097262641424973488e+09 2.971274835232440948e+09
2.988219901031259060e+09 1.097262641424973488e+09 2.971274835232440948e+09
2.988219930056933880e+09 1.097262716988884926e+09 2.971274867178510189e+09
2.988219930056933880e+09 1.097262716988884926e+09 2.971274867178510189e+09
2.988219906200157166e+09 1.097262690699074030e+09 2.971274852283347607e+09
2.988219906200157166e+09 1.097262690699074030e+09 2.971274852283347607e+09
2.988219936187962532e+09 1.097262684696595430e+09 2.971274847788122654e+09
2.988219936187962532e+09 1.097262684696595430e+09 2.971274847788122654e+09
2.988219910420351028e+09 1.097262699318012476e+09 2.971274869532538414e+09
2.988219910420351028e+09 1.097262699318012476e+09 2.971274869532538414e+09
2.988219921396596909e+09 1.097262721362940788e+09 2.971274843150076866e+09
2.988219921396596909e+09 1.097262721362940788e+09 2.971274843150076866e+09
2.988219914185780048e+09 1.097262700194303274e+09 2.971274850857985020e+09
2.988219914185780048e+09 1.097262700194303274e+09 2.971274850857985020e+09
2.988219925782080650e+09 1.097262701487280607e+09 2.971274836758419037e+09
2.988219925782080650e+09 1.097262701487280607e+09 2.971274836758419037e+09
2.988219939342561722e+09 1.097262645740054369e+09 2.971274836521818638e+09
2.988219939342561722e+09 1.097262645740054369e+09 2.971274836521818638e+09
2.988219915439326763e+09 1.097262723042109489e+09 2.971274850314650536e+09
2.988219915439326763e+09 1.097262723042109489e+09 2.971274850314650536e+09
2.988219941262454987e+09 1.097262689869181871e+09 2.971274847684902191e+09
2.988219941262454987e+09 1.097262689869181871e+09 2.971274847684902191e+09
2.940668456246315956e+09 9.412528148573585749e+08 2.999991032755274773e+09
2.940668456246315956e+09 9.412528148573585749e+08 2.999991032755274773e+09
2.935309300925401211e+09 9.431021394634909630e+08 2.999988243718531132e+09
2.935309300925401211e+09 9.431021394634909630e+08 2.999988243718531132e+09
2.942170663620178223e+09 9.040503054865099192e+08 2.999996120189429760e+09
2.942170663620178223e+09 9.040503054865099192e+08 2.999996120189429760e+09
2.944709085464229584e+09 9.031942807391144037e+08 2.999995940965465546e+09
2.944709085464229584e+09 9.031942807391144037e+08 2.999995940965465546e+09
2.939687246390673161e+09 9.087546928232897520e+08 2.999994725462623119e+09
2.939687246390673161e+09 9.087546928232897520e+08 2.999994725462623119e+09
2.938691735459357738e+09 9.172365451312937737e+08 2.999992653456872940e+09
2.938691735459357738e+09 9.172365451312937737e+08 2.999992653456872940e+09
2.931289859186766148e+09 9.146500208803108931e+08 2.999989688522845268e+09
2.931289859186766148e+09 9.146500208803108931e+08 2.999989688522845268e+09
2.940433249847089291e+09 9.111357775193474293e+08 2.999937429970027447e+09
2.940433249847089291e+09 9.111357775193474293e+08 2.999937429970027447e+09
2.942186862813359261e+09 9.037120108005601168e+08 2.999708439842389584e+09
2.942186862813359261e+09 9.037120108005601168e+08 2.999708439842389584e+09
2.946447969819858074e+09 9.014941647067209482e+08 2.999484943656100273e+09
2.946447969819858074e+09 9.014941647067209482e+08 2.999484943656100273e+09
2.945220478273689270e+09 9.007212782877695560e+08 2.997487880846538067e+09
2.945220478273689270e+09 9.007212782877695560e+08 2.997487880846538067e+09
2.945162190641162395e+09 9.018501036723529100e+08 2.995229795211217880e+09
2.945162190641162395e+09 9.018501036723529100e+08 2.995229795211217880e+09
2.945468739017743587e+09 9.016179974542316198e+08 2.991565143537586689e+09
2.945468739017743587e+09 9.016179974542316198e+08 2.991565143537586689e+09
2.946246515909986019e+09 9.017048169524191618e+08 2.987781048151717186e+09
2.946246515909986019e+09 9.017048169524191618e+08 2.987781048151717186e+09
2.945265498470099449e+09 9.023948645486474037e+08 2.982781792557578087e+09
2.945265498470099449e+09 9.023948645486474037e+08 2.982781792557578087e+09
2.944066164890267849e+09 9.030473782849502563e+08 2.980010699145988464e+09
2.944066164890267849e+09 9.030473782849502563e+08 2.980010699145988464e+09
2.941550305491224289e+09 9.031617240705060959e+08 2.975501998344750404e+09
2.941550305491224289e+09 9.031617240705060959e+08 2.975501998344750404e+09
2.940834480405531883e+09 9.042845157221733332e+08 2.972502718707520485e+09
2.940834480405531883e+09 9.042845157221733332e+08 2.972502718707520485e+09
2.938786910025743961e+09 9.043304041045203209e+08 2.968157283008018494e+09
2.938786910025743961e+09 9.043304041045203209e+08 2.968157283008018494e+09
2.935747490777101517e+09 9.037368227698016167e+08 2.963146059043440342e+09
2.935747490777101517e+09 9.037368227698016167e+08 2.963146059043440342e+09
2.932149881650945663e+09 9.034357808474110365e+08 2.958095725427918434e+09
2.932149881650945663e+09 9.034357808474110365e+08 2.958095725427918434e+09
2.929437548190202713e+09 9.031346637497371435e+08 2.952943679030130863e+09
2.929437548190202713e+09 9.031346637497371435e+08 2.952943679030130863e+09
2.926703399759697437e+09 9.028720696486926079e+08 2.948675493974291325e+09
2.926703399759697437e+09 9.028720696486926079e+08 2.948675493974291325e+09
2.923842811260423183e+09 9.031771150896677971e+08 2.944261725915377140e+09
2.923842811260423183e+09 9.031771150896677971e+08 2.944261725915377140e+09
2.921446842071672916e+09 9.051233704828525782e+08 2.940136341046419621e+09
2.921446842071672916e+09 9.051233704828525782e+08 2.940136341046419621e+09
2.918669560660072327e+09 9.053231544575313330e+08 2.935470845926344395e+09
2.918669560660072327e+09 9.053231544575313330e+08 2.935470845926344395e+09
2.915949286420619011e+09 9.048862827978219986e+08 2.930629647221477032e+09
2.915949286420619011e+09 9.048862827978219986e+08 2.930629647221477032e+09
2.915867660921572685e+09 9.081004738973453045e+08 2.927849339869751930e+09
2.915867660921572685e+09 9.081004738973453045e+08 2.927849339869751930e+09
2.914339697274026394e+09 9.080459800729516745e+08 2.924398017171314716e+09
2.914339697274026394e+09 9.080459800729516745e+08 2.924398017171314716e+09
2.919499301792751312e+09 9.194080341379947662e+08 2.927499171553458691e+09
2.919499301792751312e+09 9.194080341379947662e+08 2.927499171553458691e+09
2.922764565706224442e+09 9.253193733960338831e+08 2.928629009284206867e+09
2.922764565706224442e+09 9.253193733960338831e+08 2.928629009284206867e+09
2.925596446954593182e+09 9.322383045644060373e+08 2.930158360517640591e+09
2.925596446954593182e+09 9.322383045644060373e+08 2.930158360517640591e+09
2.928162066143937111e+09 9.368449789569702148e+08 2.931978869815113068e+09
2.928162066143937111e+09 9.368449789569702148e+08 2.931978869815113068e+09
2.933907782219784737e+09 9.453498601508913040e+08 2.935297249059436798e+09
2.933907782219784737e+09 9.453498601508913040e+08 2.935297249059436798e+09
2.934721936242818832e+09 9.463348525931396484e+08 2.936570280044460773e+09
2.934721936242818832e+09 9.463348525931396484e+08 2.936570280044460773e+09
2.934973447689800739e+09 9.475131218986006975e+08 2.937593534245920181e+09
2.934973447689800739e+09 9.475131218986006975e+08 2.937593534245920181e+09
2.935705953552065372e+09 9.492450983383810520e+08 2.937478827751728535e+09
2.935705953552065372e+09 9.492450983383810520e+08 2.937478827751728535e+09
2.936204393879508018e+09 9.513111944276185036e+08 2.939203686765938759e+09
2.936204393879508018e+09 9.513111944276185036e+08 2.939203686765938759e+09
2.936152355652357578e+09 9.502121111611057520e+08 2.940382652683075905e+09
2.936152355652357578e+09 9.502121111611057520e+08 2.940382652683075905e+09
2.928512815015084267e+09 9.385937390951116085e+08 2.932378023934103966e+09
2.928512815015084267e+09 9.385937390951116085e+08 2.932378023934103966e+09
2.922633762488121986e+09 9.320229580718996525e+08 2.925203043674769402e+09
2.922633762488121986e+09 9.320229580718996525e+08 2.925203043674769402e+09
2.924409586441693306e+09 9.347532801498261690e+08 2.925698519375752926e+09
2.924409586441693306e+09 9.347532801498261690e+08 2.925698519375752926e+09
2.926129280509343624e+09 9.349064689976525307e+08 2.926824034277019501e+09
2.926129280509343624e+09 9.349064689976525307e+08 2.926824034277019501e+09
2.926426500290324211e+09 9.344799419454208612e+08 2.928019580664909840e+09
2.926426500290324211e+09 9.344799419454208612e+08 2.928019580664909840e+09
2.927509502504646778e+09 9.354411305383944511e+08 2.926828827099116802e+09
2.927509502504646778e+09 9.354411305383944511e+08 2.926828827099116802e+09
2.928904333458988190e+09 9.393964525245147943e+08 2.927153157755278587e+09
2.928904333458988190e+09 9.393964525245147943e+08 2.927153157755278587e+09
2.930066577188358307e+09 9.403326360526430607e+08 2.928455317745595455e+09
2.930066577188358307e+09 9.403326360526430607e+08 2.928455317745595455e+09
2.931536651329112053e+09 9.411060350468443632e+08 2.929704389159353256e+09
2.931536651329112053e+09 9.411060350468443632e+08 2.929704389159353256e+09
2.931015462267880917e+09 9.430378575882514715e+08 2.930187383204701900e+09
2.931015462267880917e+09 9.430378575882514715e+08 2.930187383204701900e+09
2.930937574744699955e+09 9.445183275164760351e+08 2.930412511073317051e+09
2.930937574744699955e+09 9.445183275164760351e+08 2.930412511073317051e+09
2.931373338992201805e+09 9.440371889278026819e+08 2.930787705217189789e+09
2.931373338992201805e+09 9.440371889278026819e+08 2.930787705217189789e+09
2.930932107297167778e+09 9.432269020324155092e+08 2.930975639158889294e+09
2.930932107297167778e+09 9.432269020324155092e+08 2.930975639158889294e+09
2.930391281204347610e+09 9.425089900071328878e+08 2.930873209008769035e+09
2.930391281204347610e+09 9.425089900071328878e+08 2.930873209008769035e+09
2.929856926263312817e+09 9.415036849106040001e+08 2.930514068488611221e+09
2.929856926263312817e+09 9.415036849106040001e+08 2.930514068488611221e+09
2.929691651614725113e+09 9.407210741821852922e+08 2.930455009387232780e+09
2.929691651614725113e+09 9.407210741821852922e+08 2.930455009387232780e+09
2.929254293688562393e+09 9.398716916125665903e+08 2.930329287710578918e+09
2.929254293688562393e+09 9.398716916125665903e+08 2.930329287710578918e+09
2.929122590803785801e+09 9.394399152396094799e+08 2.930099208907833099e+09
2.929122590803785801e+09 9.394399152396094799e+08 2.930099208907833099e+09
2.929029180713946342e+09 9.390110659428350925e+08 2.929875387891446114e+09
2.929029180713946342e+09 9.390110659428350925e+08 2.929875387891446114e+09
2.929089758470046520e+09 9.389769054552714825e+08 2.929773573727878571e+09
2.929089758470046520e+09 9.389769054552714825e+08 2.929773573727878571e+09
2.929075636452799797e+09 9.389816125021795034e+08 2.929738045015411854e+09
2.929075636452799797e+09 9.389816125021795034e+08 2.929738045015411854e+09
2.929183357472860813e+09 9.391365395742241144e+08 2.929701594669361591e+09
2.929183357472860813e+09 9.391365395742241144e+08 2.929701594669361591e+09
2.929255686331140518e+09 9.393428560551637411e+08 2.929644769787176609e+09
2.929255686331140518e+09 9.393428560551637411e+08 2.929644769787176609e+09
2.929308249956380367e+09 9.395378920942752361e+08 2.929620192288790703e+09
2.929308249956380367e+09 9.395378920942752361e+08 2.929620192288790703e+09
2.929368995523012161e+09 9.396941133903852701e+08 2.929644858477053165e+09
2.929368995523012161e+09 9.396941133903852701e+08 2.929644858477053165e+09
2.929382995574591637e+09 9.397655371021225452e+08 2.929648778329338551e+09
2.929382995574591637e+09 9.397655371021225452e+08 2.929648778329338551e+09
2.929381587748312473e+09 9.398239796973322630e+08 2.929650886290039062e+09
2.929381587748312473e+09 9.398239796973322630e+08 2.929650886290039062e+09
2.929336231971724987e+09 9.397887285269923210e+08 2.929640054993344307e+09
2.929336231971724987e+09 9.397887285269923210e+08 2.929640054993344307e+09
2.929311170026135445e+09 9.397477491742264032e+08 2.929637397557929993e+09
2.929311170026135445e+09 9.397477491742264032e+08 2.929637397557929993e+09
2.929256034247614384e+09 9.396611629962713718e+08 2.929628655068741798e+09
2.929256034247614384e+09 9.396611629962713718e+08 2.929628655068741798e+09
2.929225145501291752e+09 9.395926605237817764e+08 2.929606016989260197e+09
2.929225145501291752e+09 9.395926605237817764e+08 2.929606016989260197e+09
2.929185448312326431e+09 9.395098904975650311e+08 2.929580373244771957e+09
2.929185448312326431e+09 9.395098904975650311e+08 2.929580373244771957e+09
2.929166615825976372e+09 9.394584696277883053e+08 2.929557658194735050e+09
2.929166615825976372e+09 9.394584696277883053e+08 2.929557658194735050e+09
2.929153658598427773e+09 9.394198655597233772e+08 2.929537772528376102e+09
2.929153658598427773e+09 9.394198655597233772e+08 2.929537772528376102e+09
2.929150995974176407e+09 9.394010337076523304e+08 2.929517774305093765e+09
2.929150995974176407e+09 9.394010337076523304e+08 2.929517774305093765e+09
2.929155336408775806e+09 9.394002734393134117e+08 2.929504250450530529e+09
2.929155336408775806e+09 9.394002734393134117e+08 2.929504250450530529e+09
2.929160864420266628e+09 9.394087853437820673e+08 2.929492186940642834e+09
2.929160864420266628e+09 9.394087853437820673e+08 2.929492186940642834e+09
2.929170997181494236e+09 9.394294512949969769e+08 2.929487202751037121e+09
2.929170997181494236e+09 9.394294512949969769e+08 2.929487202751037121e+09
2.929177805136412144e+09 9.394455955122047663e+08 2.929483634707383633e+09
2.929177805136412144e+09 9.394455955122047663e+08 2.929483634707383633e+09
2.929185636328927040e+09 9.394655814471812248e+08 2.929482471475532055e+09
2.929185636328927040e+09 9.394655814471812248e+08 2.929482471475532055e+09
2.929187350252929211e+09 9.394772727516626120e+08 2.929482341719275475e+09
2.929187350252929211e+09 9.394772727516626120e+08 2.929482341719275475e+09
2.929190366295947075e+09 9.394875957403274775e+08 2.929483041329699039e+09
2.929190366295947075e+09 9.394875957403274775e+08 2.929483041329699039e+09
2.929188710956833839e+09 9.394896871148241758e+08 2.929483751285917282e+09
2.929188710956833839e+09 9.394896871148241758e+08 2.929483751285917282e+09
2.929187067491176605e+09 9.394895970880322456e+08 2.929483838835186005e+09
2.929187067491176605e+09 9.394895970880322456e+08 2.929483838835186005e+09
2.929183876382341385e+09 9.394855020661242008e+08 2.929483513949850082e+09
2.929183876382341385e+09 9.394855020661242008e+08 2.929483513949850082e+09
2.929180930632198334e+09 9.394804092376701832e+08 2.929482358457474709e+09
2.929180930632198334e+09 9.394804092376701832e+08 2.929482358457474709e+09
2.929178467389264584e+09 9.394751922777971029e+08 2.929481459596486568e+09
2.929178467389264584e+09 9.394751922777971029e+08 2.929481459596486568e+09
2.929176382086780071e+09 9.394701708686549664e+08 2.929479881957231522e+09
2.929176382086780071e+09 9.394701708686549664e+08 2.929479881957231522e+09
2.929175500970287800e+09 9.394672381156773567e+08 2.929478605774622917e+09
2.929175500970287800e+09 9.394672381156773567e+08 2.929478605774622917e+09
2.929174947808306217e+09 9.394651171594825983e+08 2.929477315537820816e+09
2.929174947808306217e+09 9.394651171594825983e+08 2.929477315537820816e+09
2.929175545386021614e+09 9.394652144050120115e+08 2.929476415445455551e+09
2.929175545386021614e+09 9.394652144050120115e+08 2.929476415445455551e+09
2.929176073932249546e+09 9.394657954626475573e+08 2.929475864076570034e+09
2.929176073932249546e+09 9.394657954626475573e+08 2.929475864076570034e+09
2.929177216673810005e+09 9.394676706193689108e+08 2.929475561715126038e+09
2.929177216673810005e+09 9.394676706193689108e+08 2.929475561715126038e+09
2.929178061033423901e+09 9.394695185566112995e+08 2.929475522707178593e+09
2.929178061033423901e+09 9.394695185566112995e+08 2.929475522707178593e+09
2.929178991312867641e+09 9.394716188581210375e+08 2.929475691666147232e+09
2.929178991312867641e+09 9.394716188581210375e+08 2.929475691666147232e+09
2.929179620439237595e+09 9.394732832493469715e+08 2.929476030138803482e+09
2.929179620439237595e+09 9.394732832493469715e+08 2.929476030138803482e+09
2.929180045151018143e+09 9.394745730583672523e+08 2.929476356084445477e+09
2.929180045151018143e+09 9.394745730583672523e+08 2.929476356084445477e+09
2.929180234583710194e+09 9.394753749912031889e+08 2.929476698400207996e+09
2.929180234583710194e+09 9.394753749912031889e+08 2.929476698400207996e+09
2.929180234759147644e+09 9.394756314462285042e+08 2.929476957549567699e+09
2.929180234759147644e+09 9.394756314462285042e+08 2.929476957549567699e+09
2.929180139739981651e+09 9.394756562595235109e+08 2.929477162645757675e+09
2.929180139739981651e+09 9.394756562595235109e+08 2.929477162645757675e+09
2.929179953323031425e+09 9.394753647358599901e+08 2.929477325957152367e+09
2.929179953323031425e+09 9.394753647358599901e+08 2.929477325957152367e+09
2.999962779854623318e+09 1.151027265504741907e+09 2.986512472453440189e+09
2.999962779854623318e+09 1.151027265504741907e+09 2.986512472453440189e+09
2.995210005920412064e+09 1.175996512334026814e+09 2.999887655959035397e+09
2.995210005920412064e+09 1.175996512334026814e+09 2.999887655959035397e+09
2.986885214379453182e+09 1.199883593671108246e+09 2.960278933160024643e+09
2.986885214379453182e+09 1.199883593671108246e+09 2.960278933160024643e+09
2.993560814019773483e+09 1.199631194641070843e+09 2.968751082519111156e+09
2.993560814019773483e+09 1.199631194641070843e+09 2.968751082519111156e+09
2.986967626542467594e+09 1.190762573719280005e+09 2.966699777424540520e+09
2.986967626542467594e+09 1.190762573719280005e+09 2.966699777424540520e+09
2.995167017251528740e+09 1.190977137853420496e+09 2.965304119168765068e+09
2.995167017251528740e+09 1.190977137853420496e+09 2.965304119168765068e+09
2.999552351269693375e+09 1.173893681783513546e+09 2.962457737764667034e+09
2.999552351269693375e+09 1.173893681783513546e+09 2.962457737764667034e+09
2.997277867054217339e+09 1.153424043770915508e+09 2.958353525025579929e+09
2.997277867054217339e+09 1.153424043770915508e+09 2.958353525025579929e+09
2.984602205071062565e+09 1.138667198146950006e+09 2.960233495808771133e+09
2.984602205071062565e+09 1.138667198146950006e+09 2.960233495808771133e+09
2.993080887519935608e+09 1.130098607901712656e+09 2.955861770483691692e+09
2.993080887519935608e+09 1.130098607901712656e+09 2.955861770483691692e+09
2.992407171457556725e+09 1.124207194315404654e+09 2.953288257394363403e+09
2.992407171457556725e+09 1.124207194315404654e+09 2.953288257394363403e+09
2.986886737944272041e+09 1.107692026730225325e+09 2.947860676437063217e+09
2.986886737944272041e+09 1.107692026730225325e+09 2.947860676437063217e+09
2.983555703130090714e+09 1.090263355759769917e+09 2.939683956196167469e+09
2.983555703130090714e+09 1.090263355759769917e+09 2.939683956196167469e+09
2.976617015413655281e+09 1.075851597016745329e+09 2.930710694724330902e+09
2.976617015413655281e+09 1.075851597016745329e+09 2.930710694724330902e+09
2.972923957864756107e+09 1.065190831485570073e+09 2.925156845056064606e+09
2.972923957864756107e+09 1.065190831485570073e+09 2.925156845056064606e+09
2.968685899470487595e+09 1.056177971736876726e+09 2.917411389130888939e+09
2.968685899470487595e+09 1.056177971736876726e+09 2.917411389130888939e+09
2.967094487785475731e+09 1.060425646675741673e+09 2.920176652518910408e+09
2.967094487785475731e+09 1.060425646675741673e+09 2.920176652518910408e+09
2.964784679742574215e+09 1.058553470651024818e+09 2.922970113847312927e+09
2.964784679742574215e+09 1.058553470651024818e+09 2.922970113847312927e+09
2.965910568096488953e+09 1.059049974646869302e+09 2.925910698325004101e+09
2.965910568096488953e+09 1.059049974646869302e+09 2.925910698325004101e+09
2.964081547505485058e+09 1.055150370580243349e+09 2.928332873901492119e+09
2.964081547505485058e+09 1.055150370580243349e+09 2.928332873901492119e+09
2.965037771136278629e+09 1.057306161569071531e+09 2.931395441302485943e+09
2.965037771136278629e+09 1.057306161569071531e+09 2.931395441302485943e+09
2.966087250539616585e+09 1.058931005028767824e+09 2.933423304235163212e+09
2.966087250539616585e+09 1.058931005028767824e+09 2.933423304235163212e+09
2.967414195160394669e+09 1.062303957422940135e+09 2.935685206837971687e+09
2.967414195160394669e+09 1.062303957422940135e+09 2.935685206837971687e+09
2.968011650527960300e+09 1.064020989000548482e+09 2.936683814242431164e+09
2.968011650527960300e+09 1.064020989000548482e+09 2.936683814242431164e+09
2.968004491111262321e+09 1.066971827152498245e+09 2.936621467888415813e+09
2.968004491111262321e+09 1.066971827152498245e+09 2.936621467888415813e+09
2.968847198762166023e+09 1.067763030417582512e+09 2.936438744265892982e+09
2.968847198762166023e+09 1.067763030417582512e+09 2.936438744265892982e+09
2.968946366428963184e+09 1.068002695928109169e+09 2.936034836915063858e+09
2.968946366428963184e+09 1.068002695928109169e+09 2.936034836915063858e+09
2.969588413461361885e+09 1.068285271523727775e+09 2.935579553193483829e+09
2.969588413461361885e+09 1.068285271523727775e+09 2.935579553193483829e+09
2.969426351578377724e+09 1.069159564116299987e+09 2.935123562786223412e+09
2.969426351578377724e+09 1.069159564116299987e+09 2.935123562786223412e+09
2.970060439725748539e+09 1.069976916351564288e+09 2.934849306689883232e+09
2.970060439725748539e+09 1.069976916351564288e+09 2.934849306689883232e+09
2.970131871828357697e+09 1.070552805225157619e+09 2.934633395503871918e+09
2.970131871828357697e+09 1.070552805225157619e+09 2.934633395503871918e+09
2.970601849866667271e+09 1.071460497187501907e+09 2.934708805890938759e+09
2.970601849866667271e+09 1.071460497187501907e+09 2.934708805890938759e+09
2.970882281408680916e+09 1.072347266007598162e+09 2.934697718671212673e+09
2.970882281408680916e+09 1.072347266007598162e+09 2.934697718671212673e+09
2.971265995986834526e+09 1.073178901814567327e+09 2.934754679989745617e+09
2.971265995986834526e+09 1.073178901814567327e+09 2.934754679989745617e+09
2.971464102036477089e+09 1.073616953599790096e+09 2.934862713862630367e+09
2.971464102036477089e+09 1.073616953599790096e+09 2.934862713862630367e+09
2.971557043399332047e+09 1.074176289388849020e+09 2.934895845838035583e+09
2.971557043399332047e+09 1.074176289388849020e+09 2.934895845838035583e+09
2.971673545499228001e+09 1.074609958189037800e+09 2.934880411394592285e+09
2.971673545499228001e+09 1.074609958189037800e+09 2.934880411394592285e+09
2.971702597400636673e+09 1.074985101818558216e+09 2.934772278781412125e+09
2.971702597400636673e+09 1.074985101818558216e+09 2.934772278781412125e+09
2.971861912924651623e+09 1.075274930429896593e+09 2.934751403922345638e+09
2.971861912924651623e+09 1.075274930429896593e+09 2.934751403922345638e+09
2.971927427490856171e+09 1.075600895131789446e+09 2.934695471296618938e+09
2.971927427490856171e+09 1.075600895131789446e+09 2.934695471296618938e+09
2.972085476922557831e+09 1.075820805810448647e+09 2.934663114495153427e+09
2.972085476922557831e+09 1.075820805810448647e+09 2.934663114495153427e+09
2.972197672546904564e+09 1.075955874870868683e+09 2.934585163589764118e+09
2.972197672546904564e+09 1.075955874870868683e+09 2.934585163589764118e+09
2.972309759488046169e+09 1.076054599250398159e+09 2.934535691018011570e+09
2.972309759488046169e+09 1.076054599250398159e+09 2.934535691018011570e+09
2.972369036272158146e+09 1.076123390524481058e+09 2.934480202542742729e+09
2.972369036272158146e+09 1.076123390524481058e+09 2.934480202542742729e+09
2.972416559343620300e+09 1.076155638492243052e+09 2.934436154855568886e+09
2.972416559343620300e+09 1.076155638492243052e+09 2.934436154855568886e+09
2.972457986536307335e+09 1.076153842615451574e+09 2.934398886016905785e+09
2.972457986536307335e+09 1.076153842615451574e+09 2.934398886016905785e+09
2.972466065159484386e+09 1.076155883989030361e+09 2.934360601055909634e+09
2.972466065159484386e+09 1.076155883989030361e+09 2.934360601055909634e+09
2.972487538594042778e+09 1.076131385633239746e+09 2.934338973350594521e+09
2.972487538594042778e+09 1.076131385633239746e+09 2.934338973350594521e+09
2.972483064113053322e+09 1.076102477571839333e+09 2.934312056725023270e+09
2.972483064113053322e+09 1.076102477571839333e+09 2.934312056725023270e+09
2.972485100442075729e+09 1.076058874019378185e+09 2.934298482597735882e+09
2.972485100442075729e+09 1.076058874019378185e+09 2.934298482597735882e+09
2.972471121778070450e+09 1.076024459976294041e+09 2.934284538276235580e+09
2.972471121778070450e+09 1.076024459976294041e+09 2.934284538276235580e+09
2.972462035477210045e+09 1.075989335796592712e+09 2.934283062786060333e+09
2.972462035477210045e+09 1.075989335796592712e+09 2.934283062786060333e+09
2.972448089871320248e+09 1.075958749340630531e+09 2.934280279464824677e+09
2.972448089871320248e+09 1.075958749340630531e+09 2.934280279464824677e+09
2.972433892068427563e+09 1.075929915983783007e+09 2.934282022053590298e+09
2.972433892068427563e+09 1.075929915983783007e+09 2.934282022053590298e+09
2.972422280521129131e+09 1.075906723605913162e+09 2.934285171068797112e+09
2.972422280521129131e+09 1.075906723605913162e+09 2.934285171068797112e+09
2.972408264837203979e+09 1.075888451107331753e+09 2.934288851725430965e+09
2.972408264837203979e+09 1.075888451107331753e+09 2.934288851725430965e+09
2.972399641980360031e+09 1.075870814867185831e+09 2.934294549241072655e+09
2.972399641980360031e+09 1.075870814867185831e+09 2.934294549241072655e+09
2.972388904162749290e+09 1.075859194169896841e+09 2.934299066482554436e+09
2.972388904162749290e+09 1.075859194169896841e+09 2.934299066482554436e+09
2.972382401231017590e+09 1.075850300304214478e+09 2.934305046485119343e+09
2.972382401231017590e+09 1.075850300304214478e+09 2.934305046485119343e+09
2.972375509416529655e+09 1.075845193127590656e+09 2.934309136678841114e+09
2.972375509416529655e+09 1.075845193127590656e+09 2.934309136678841114e+09
2.972371387495960236e+09 1.075840569527815104e+09 2.934313541997592449e+09
2.972371387495960236e+09 1.075840569527815104e+09 2.934313541997592449e+09
2.972367740514812469e+09 1.075838741479121447e+09 2.934316326119054317e+09
2.972367740514812469e+09 1.075838741479121447e+09 2.934316326119054317e+09
2.972365043095600605e+09 1.075837926421300173e+09 2.934318985195319176e+09
2.972365043095600605e+09 1.075837926421300173e+09 2.934318985195319176e+09
2.972363884655661106e+09 1.075838040879362106e+09 2.934320895991926670e+09
2.972363884655661106e+09 1.075838040879362106e+09 2.934320895991926670e+09
2.972362623853876591e+09 1.075838738652935028e+09 2.934322242636369705e+09
2.972362623853876591e+09 1.075838738652935028e+09 2.934322242636369705e+09
2.972362601768220425e+09 1.075839855770624399e+09 2.934323326385842323e+09
2.972362601768220425e+09 1.075839855770624399e+09 2.934323326385842323e+09
2.972362279720381737e+09 1.075841347627470255e+09 2.934323776069847584e+09
2.972362279720381737e+09 1.075841347627470255e+09 2.934323776069847584e+09
2.972362786645234108e+09 1.075842583843545675e+09 2.934324201191286564e+09
2.972362786645234108e+09 1.075842583843545675e+09 2.934324201191286564e+09
2.972363012716449261e+09 1.075843865021172523e+09 2.934324154302030087e+09
2.972363012716449261e+09 1.075843865021172523e+09 2.934324154302030087e+09
2.972363504432029247e+09 1.075844966347381830e+09 2.934324175186593533e+09
2.972363504432029247e+09 1.075844966347381830e+09 2.934324175186593533e+09
2.972364001715913296e+09 1.075846012724726677e+09 2.934323998749852657e+09
2.972364001715913296e+09 1.075846012724726677e+09 2.934323998749852657e+09
2.972364412013675690e+09 1.075846786369323492e+09 2.934323804006159306e+09
2.972364412013675690e+09 1.075846786369323492e+09 2.934323804006159306e+09
2.972364905662350178e+09 1.075847440591307640e+09 2.934323575242338657e+09
2.972364905662350178e+09 1.075847440591307640e+09 2.934323575242338657e+09
2.972365177276004791e+09 1.075847916585360050e+09 2.934323350550691605e+09
2.972365177276004791e+09 1.075847916585360050e+09 2.934323350550691605e+09
2.972365539477788925e+09 1.075848258373996019e+09 2.934323164927188873e+09
2.972365539477788925e+09 1.075848258373996019e+09 2.934323164927188873e+09
2.972365747145589352e+09 1.075848535627230406e+09 2.934322982821372509e+09
2.972365747145589352e+09 1.075848535627230406e+09 2.934322982821372509e+09
2.972365944669279575e+09 1.075848568783009768e+09 2.934322802280302048e+09
2.972365944669279575e+09 1.075848568783009768e+09 2.934322802280302048e+09
2.972366038088833332e+09 1.075848662475717783e+09 2.934322669389232159e+09
2.972366038088833332e+09 1.075848662475717783e+09 2.934322669389232159e+09
2.972366123714197636e+09 1.075848617697423458e+09 2.934322558126801014e+09
2.972366123714197636e+09 1.075848617697423458e+09 2.934322558126801014e+09
2.972366172765745640e+09 1.075848604284990549e+09 2.934322483463919163e+09
2.972366172765745640e+09 1.075848604284990549e+09 2.934322483463919163e+09
2.972366177520689011e+09 1.075848488832916737e+09 2.934322425622045994e+09
2.972366177520689011e+09 1.075848488832916737e+09 2.934322425622045994e+09
2.972366188752141953e+09 1.075848421158942223e+09 2.934322375513250351e+09
2.972366188752141953e+09 1.075848421158942223e+09 2.934322375513250351e+09
2.972366175475040913e+09 1.075848382276050806e+09 2.934322381450163841e+09
2.972366175475040913e+09 1.075848382276050806e+09 2.934322381450163841e+09
2.972366162498362541e+09 1.075848282483440399e+09 2.934322357835759163e+09
2.972366162498362541e+09 1.075848282483440399e+09 2.934322357835759163e+09
2.972366133781288624e+09 1.075848211650148869e+09 2.934322357746234417e+09
2.972366133781288624e+09 1.075848211650148869e+09 2.934322357746234417e+09
2.972366072263007164e+09 1.075848137219438791e+09 2.934322382377007961e+09
2.972366072263007164e+09 1.075848137219438791e+09 2.934322382377007961e+09
2.972366050576328278e+09 1.075848080366161823e+09 2.934322347790195942e+09
2.972366050576328278e+09 1.075848080366161823e+09 2.934322347790195942e+09
2.972366029648567200e+09 1.075848024074621677e+09 2.934322371503730297e+09
2.972366029648567200e+09 1.075848024074621677e+09 2.934322371503730297e+09
2.972366004755926132e+09 1.075847970589980125e+09 2.934322388022748947e+09
2.972366004755926132e+09 1.075847970589980125e+09 2.934322388022748947e+09
2.972365952512226105e+09 1.075847985743455410e+09 2.934322384971537590e+09
2.972365952512226105e+09 1.075847985743455410e+09 2.934322384971537590e+09
2.972365966172062874e+09 1.075847967172151804e+09 2.934322415413316250e+09
2.972365966172062874e+09 1.075847967172151804e+09 2.934322415413316250e+09
2.972365945292982578e+09 1.075847954344733238e+09 2.934322428583934307e+09
2.972365945292982578e+09 1.075847954344733238e+09 2.934322428583934307e+09
2.972365929568109035e+09 1.075847922631701231e+09 2.934322421781939983e+09
2.972365929568109035e+09 1.075847922631701231e+09 2.934322421781939983e+09
2.972365941106824875e+09 1.075847935024624586e+09 2.934322408909114838e+09
2.972365941106824875e+09 1.075847935024624586e+09 2.934322408909114838e+09
2.972365902215222359e+09 1.075847910286745787e+09 2.934322431095072746e+09
2.972365902215222359e+09 1.075847910286745787e+09 2.934322431095072746e+09
2.972365935229863644e+09 1.075847952961400270e+09 2.934322446655548573e+09
2.972365935229863644e+09 1.075847952961400270e+09 2.934322446655548573e+09
2.972365900401224136e+09 1.075847918611070871e+09 2.934322439526826382e+09
2.972365900401224136e+09 1.075847918611070871e+09 2.934322439526826382e+09
2.972365929797564507e+09 1.075847936006899118e+09 2.934322464454837799e+09
2.972365929797564507e+09 1.075847936006899118e+09 2.934322464454837799e+09
2.972365948741935730e+09 1.075847977597786188e+09 2.934322478109637260e+09
2.972365948741935730e+09 1.075847977597786188e+09 2.934322478109637260e+09
2.972365927859053135e+09 1.075847960815806389e+09 2.934322469414683819e+09
2.972365927859053135e+09 1.075847960815806389e+09 2.934322469414683819e+09
2.932068705791715145e+09 9.500295505678726435e+08 2.987953850251830101e+09
2.932068705791715145e+09 9.500295505678726435e+08 2.987953850251830101e+09
2.922192232598193645e+09 9.429021138795282841e+08 2.966252156634292603e+09
2.922192232598193645e+09 9.429021138795282841e+08 2.966252156634292603e+09
2.807857666338755608e+09 1.018289271502851248e+09 2.892969507894927502e+09
2.807857666338755608e+09 1.018289271502851248e+09 2.892969507894927502e+09
2.810505561555541039e+09 1.009807826163213253e+09 2.885340953945981979e+09
2.810505561555541039e+09 1.009807826163213253e+09 2.885340953945981979e+09
2.808180764036512375e+09 1.030242348575573921e+09 2.879061707466495514e+09
2.808180764036512375e+09 1.030242348575573921e+09 2.879061707466495514e+09
2.803226038918237209e+09 1.022220260226882696e+09 2.855893883390982628e+09
2.803226038918237209e+09 1.022220260226882696e+09 2.855893883390982628e+09
2.802273592621748447e+09 1.045379854978442907e+09 2.867415071034404755e+09
2.802273592621748447e+09 1.045379854978442907e+09 2.867415071034404755e+09
2.803754571789816856e+09 1.067053097977383137e+09 2.851470745586149693e+09
2.803754571789816856e+09 1.067053097977383137e+09 2.851470745586149693e+09
2.804341649143666267e+09 1.061882989798138261e+09 2.849430359569500446e+09
2.804341649143666267e+09 1.061882989798138261e+09 2.849430359569500446e+09
2.808893627480021954e+09 1.071995511002682686e+09 2.837462704780429840e+09
2.808893627480021954e+09 1.071995511002682686e+09 2.837462704780429840e+09
2.818596764952877998e+09 1.084862329435477018e+09 2.836300916084831238e+09
2.818596764952877998e+09 1.084862329435477018e+09 2.836300916084831238e+09
2.831060533599967957e+09 1.107226302322679043e+09 2.838655165221514702e+09
2.831060533599967957e+09 1.107226302322679043e+09 2.838655165221514702e+09
2.820002738200583458e+09 1.121524236487831593e+09 2.839579418369761467e+09
2.820002738200583458e+09 1.121524236487831593e+09 2.839579418369761467e+09
2.832669651520197868e+09 1.138523517594515562e+09 2.844696607792422295e+09
2.832669651520197868e+09 1.138523517594515562e+09 2.844696607792422295e+09
2.835090255439664364e+09 1.145886225543137789e+09 2.846565983074864388e+09
2.835090255439664364e+09 1.145886225543137789e+09 2.846565983074864388e+09
2.831431787251965523e+09 1.139396034634503126e+09 2.840086033313078403e+09
2.831431787251965523e+09 1.139396034634503126e+09 2.840086033313078403e+09
2.835128323552140236e+09 1.150685124310700178e+09 2.842221238232560635e+09
2.835128323552140236e+09 1.150685124310700178e+09 2.842221238232560635e+09
2.837606211874863148e+09 1.152937154080714703e+09 2.840989799017183304e+09
2.837606211874863148e+09 1.152937154080714703e+09 2.840989799017183304e+09
2.840099672152623653e+09 1.163210312138859034e+09 2.841616760511473656e+09
2.840099672152623653e+09 1.163210312138859034e+09 2.841616760511473656e+09
2.842212065125277519e+09 1.165915275373093128e+09 2.840420575387639999e+09
2.842212065125277519e+09 1.165915275373093128e+09 2.840420575387639999e+09
2.842048776081348419e+09 1.163873816797332048e+09 2.838689651193716526e+09
2.842048776081348419e+09 1.163873816797332048e+09 2.838689651193716526e+09
2.842796385321292877e+09 1.165392398095545292e+09 2.839340242449287415e+09
2.842796385321292877e+09 1.165392398095545292e+09 2.839340242449287415e+09
2.841153886707376957e+09 1.161879588123803854e+09 2.840283312371584892e+09
2.841153886707376957e+09 1.161879588123803854e+09 2.840283312371584892e+09
2.842615375664124489e+09 1.161492679290458202e+09 2.841407005311595917e+09
2.842615375664124489e+09 1.161492679290458202e+09 2.841407005311595917e+09
2.841668006105841637e+09 1.159749113113038540e+09 2.841117884422598839e+09
2.841668006105841637e+09 1.159749113113038540e+09 2.841117884422598839e+09
2.841478757849188805e+09 1.159621095178600311e+09 2.841206922809781551e+09
2.841478757849188805e+09 1.159621095178600311e+09 2.841206922809781551e+09
2.841271439122457981e+09 1.159005091599961758e+09 2.842150389348961830e+09
2.841271439122457981e+09 1.159005091599961758e+09 2.842150389348961830e+09
2.840533889906910896e+09 1.157574001756623745e+09 2.841391905441423893e+09
2.840533889906910896e+09 1.157574001756623745e+09 2.841391905441423893e+09
2.840876999742776871e+09 1.157229666914063931e+09 2.842412172411617279e+09
2.840876999742776871e+09 1.157229666914063931e+09 2.842412172411617279e+09
2.840491888321777344e+09 1.155562579431157112e+09 2.841927856934233189e+09
2.840491888321777344e+09 1.155562579431157112e+09 2.841927856934233189e+09
2.840147116431264400e+09 1.154903087227066517e+09 2.841605177509023190e+09
2.840147116431264400e+09 1.154903087227066517e+09 2.841605177509023190e+09
2.839629541536991596e+09 1.153636323697283268e+09 2.841565105538662434e+09
2.839629541536991596e+09 1.153636323697283268e+09 2.841565105538662434e+09
2.839054161609374523e+09 1.152615820135873795e+09 2.840895096090192318e+09
2.839054161609374523e+09 1.152615820135873795e+09 2.840895096090192318e+09
2.838913688211181164e+09 1.152191446477011681e+09 2.840796094919878483e+09
2.838913688211181164e+09 1.152191446477011681e+09 2.840796094919878483e+09
2.838593759321484566e+09 1.151564492457295179e+09 2.840452326024325371e+09
2.838593759321484566e+09 1.151564492457295179e+09 2.840452326024325371e+09
2.838499600903789043e+09 1.151313625617628336e+09 2.840341305462611198e+09
2.838499600903789043e+09 1.151313625617628336e+09 2.840341305462611198e+09
2.838260304793085575e+09 1.151029673161480427e+09 2.840147122721373081e+09
2.838260304793085575e+09 1.151029673161480427e+09 2.840147122721373081e+09
2.838058839762269497e+09 1.150716565723917961e+09 2.840035946391717911e+09
2.838058839762269497e+09 1.150716565723917961e+09 2.840035946391717911e+09
2.838021080931845665e+09 1.150559504739174843e+09 2.839936034679932594e+09
2.838021080931845665e+09 1.150559504739174843e+09 2.839936034679932594e+09
2.837890984238902092e+09 1.150310825617932081e+09 2.839774568998487473e+09
2.837890984238902092e+09 1.150310825617932081e+09 2.839774568998487473e+09
2.837917394757470608e+09 1.150221594267507792e+09 2.839758246367595673e+09
2.837917394757470608e+09 1.150221594267507792e+09 2.839758246367595673e+09
2.837869084750382900e+09 1.150130225318005085e+09 2.839660943314068794e+09
2.837869084750382900e+09 1.150130225318005085e+09 2.839660943314068794e+09
2.837871091332830906e+09 1.150130994809982538e+09 2.839620753448764324e+09
2.837871091332830906e+09 1.150130994809982538e+09 2.839620753448764324e+09
2.837891326074597836e+09 1.150153657582543135e+09 2.839612958529204369e+09
2.837891326074597836e+09 1.150153657582543135e+09 2.839612958529204369e+09
2.837893939486195087e+09 1.150152062349578142e+09 2.839551596523636341e+09
2.837893939486195087e+09 1.150152062349578142e+09 2.839551596523636341e+09
2.837930035802233219e+09 1.150214679724434853e+09 2.839549398737961769e+09
2.837930035802233219e+09 1.150214679724434853e+09 2.839549398737961769e+09
2.837934054117637157e+09 1.150211449671901226e+09 2.839534717428959846e+09
2.837934054117637157e+09 1.150211449671901226e+09 2.839534717428959846e+09
2.837961753098670006e+09 1.150252368843060255e+09 2.839524676693145275e+09
2.837961753098670006e+09 1.150252368843060255e+09 2.839524676693145275e+09
2.837977479413466930e+09 1.150269619133880138e+09 2.839531959951180458e+09
2.837977479413466930e+09 1.150269619133880138e+09 2.839531959951180458e+09
2.837990683150986195e+09 1.150277359673502922e+09 2.839527718279927731e+09
2.837990683150986195e+09 1.150277359673502922e+09 2.839527718279927731e+09
2.838013963552148342e+09 1.150306787824507713e+09 2.839535673138095379e+09
2.838013963552148342e+09 1.150306787824507713e+09 2.839535673138095379e+09
2.838016621975258350e+09 1.150310070614944458e+09 2.839537856296260834e+09
2.838016621975258350e+09 1.150310070614944458e+09 2.839537856296260834e+09
2.838033800698335648e+09 1.150328333837068081e+09 2.839551539118012428e+09
2.838033800698335648e+09 1.150328333837068081e+09 2.839551539118012428e+09
2.838038582719298363e+09 1.150331437763702393e+09 2.839555555404858589e+09
2.838038582719298363e+09 1.150331437763702393e+09 2.839555555404858589e+09
2.838044391356699467e+09 1.150336072711757421e+09 2.839562756192669392e+09
2.838044391356699467e+09 1.150336072711757421e+09 2.839562756192669392e+09
2.838050044614467144e+09 1.150336142885869026e+09 2.839571268298037529e+09
2.838050044614467144e+09 1.150336142885869026e+09 2.839571268298037529e+09
2.838048397323630810e+09 1.150330723050098419e+09 2.839570289470206261e+09
2.838048397323630810e+09 1.150330723050098419e+09 2.839570289470206261e+09
2.838050852310904503e+09 1.150328752879419327e+09 2.839577380526569843e+09
2.838050852310904503e+09 1.150328752879419327e+09 2.839577380526569843e+09
2.838048217193786621e+09 1.150319699683874130e+09 2.839576998915008068e+09
2.838048217193786621e+09 1.150319699683874130e+09 2.839576998915008068e+09
2.838047957880201340e+09 1.150316424322454691e+09 2.839578023911229134e+09
2.838047957880201340e+09 1.150316424322454691e+09 2.839578023911229134e+09
2.838045860665318012e+09 1.150310095085195303e+09 2.839579415220213890e+09
2.838045860665318012e+09 1.150310095085195303e+09 2.839579415220213890e+09
2.838043251275287628e+09 1.150304182582241535e+09 2.839578289684106350e+09
2.838043251275287628e+09 1.150304182582241535e+09 2.839578289684106350e+09
2.838041810618148327e+09 1.150300559633419514e+09 2.839578436067200661e+09
2.838041810618148327e+09 1.150300559633419514e+09 2.839578436067200661e+09
2.838038651587167263e+09 1.150294788039835215e+09 2.839577142580135822e+09
2.838038651587167263e+09 1.150294788039835215e+09 2.839577142580135822e+09
2.838037591699535370e+09 1.150291622196810246e+09 2.839576389069863319e+09
2.838037591699535370e+09 1.150291622196810246e+09 2.839576389069863319e+09
2.838035459716598988e+09 1.150287984689249754e+09 2.839574735868007183e+09
2.838035459716598988e+09 1.150287984689249754e+09 2.839574735868007183e+09
2.838034050939230442e+09 1.150285234707822323e+09 2.839573720856865883e+09
2.838034050939230442e+09 1.150285234707822323e+09 2.839573720856865883e+09
2.838033179087927818e+09 1.150283416645321131e+09 2.839572622702546597e+09
2.838033179087927818e+09 1.150283416645321131e+09 2.839572622702546597e+09
2.838031974585267544e+09 1.150281721020769358e+09 2.839571239242245197e+09
2.838031974585267544e+09 1.150281721020769358e+09 2.839571239242245197e+09
2.838031673894450665e+09 1.150281082626322508e+09 2.839570731080526829e+09
2.838031673894450665e+09 1.150281082626322508e+09 2.839570731080526829e+09
2.838031099897187233e+09 1.150280292093602180e+09 2.839569674432846069e+09
2.838031099897187233e+09 1.150280292093602180e+09 2.839569674432846069e+09
2.838030947363418579e+09 1.150280245397652626e+09 2.839569101874270439e+09
2.838030947363418579e+09 1.150280245397652626e+09 2.839569101874270439e+09
2.838030852212793827e+09 1.150280134006977797e+09 2.839568720687298775e+09
2.838030852212793827e+09 1.150280134006977797e+09 2.839568720687298775e+09
2.838030824366102219e+09 1.150280218668930054e+09 2.839568187541574001e+09
2.838030824366102219e+09 1.150280218668930054e+09 2.839568187541574001e+09
2.838031029068417549e+09 1.150280590251087666e+09 2.839568047853403091e+09
2.838031029068417549e+09 1.150280590251087666e+09 2.839568047853403091e+09
2.838031071760453224e+09 1.150280726758515120e+09 2.839567849940851688e+09
2.838031071760453224e+09 1.150280726758515120e+09 2.839567849940851688e+09
2.838031325417139053e+09 1.150281162766613483e+09 2.839567740285465717e+09
2.838031325417139053e+09 1.150281162766613483e+09 2.839567740285465717e+09
2.838031482396059036e+09 1.150281429018927336e+09 2.839567745723469257e+09
2.838031482396059036e+09 1.150281429018927336e+09 2.839567745723469257e+09
2.838031649093259811e+09 1.150281730136804104e+09 2.839567750151645184e+09
2.838031649093259811e+09 1.150281730136804104e+09 2.839567750151645184e+09
2.838031883980321407e+09 1.150282073866894245e+09 2.839567826077958107e+09
2.838031883980321407e+09 1.150282073866894245e+09 2.839567826077958107e+09
2.838031973681419849e+09 1.150282220190054893e+09 2.839567862710245132e+09
2.838031973681419849e+09 1.150282220190054893e+09 2.839567862710245132e+09
2.838032128086268902e+09 1.150282408821018696e+09 2.839567978070712566e+09
2.838032128086268902e+09 1.150282408821018696e+09 2.839567978070712566e+09
2.838032207137853146e+09 1.150282524275636673e+09 2.839568021867464066e+09
2.838032207137853146e+09 1.150282524275636673e+09 2.839568021867464066e+09
2.838032319512285233e+09 1.150282665845469475e+09 2.839568131445613384e+09
2.838032319512285233e+09 1.150282665845469475e+09 2.839568131445613384e+09
2.838032350316505432e+09 1.150282680326555252e+09 2.839568197494934559e+09
2.838032350316505432e+09 1.150282680326555252e+09 2.839568197494934559e+09
2.838032394227394104e+09 1.150282684439012527e+09 2.839568223230072975e+09
2.838032394227394104e+09 1.150282684439012527e+09 2.839568223230072975e+09
2.838032422473051548e+09 1.150282684233037472e+09 2.839568290609987736e+09
2.838032422473051548e+09 1.150282684233037472e+09 2.839568290609987736e+09
2.838032417764590740e+09 1.150282631559220791e+09 2.839568314981049061e+09
2.838032417764590740e+09 1.150282631559220791e+09 2.839568314981049061e+09
2.838032416513838768e+09 1.150282607039035082e+09 2.839568332831687450e+09
2.838032416513838768e+09 1.150282607039035082e+09 2.839568332831687450e+09
2.838032411366324902e+09 1.150282589660742760e+09 2.839568356703477859e+09
2.838032411366324902e+09 1.150282589660742760e+09 2.839568356703477859e+09
2.838032381728082180e+09 1.150282547733302593e+09 2.839568359944597721e+09
2.838032381728082180e+09 1.150282547733302593e+09 2.839568359944597721e+09
2.838032395771972179e+09 1.150282535007552862e+09 2.839568375762614727e+09
2.838032395771972179e+09 1.150282535007552862e+09 2.839568375762614727e+09
2.838032357205696106e+09 1.150282474747714043e+09 2.839568381701261997e+09
2.838032357205696106e+09 1.150282474747714043e+09 2.839568381701261997e+09
2.838032340017164230e+09 1.150282437312308311e+09 2.839568362765281677e+09
2.838032340017164230e+09 1.150282437312308311e+09 2.839568362765281677e+09
2.838032321614625931e+09 1.150282391439706564e+09 2.839568367952010155e+09
2.838032321614625931e+09 1.150282391439706564e+09 2.839568367952010155e+09
2.838032310639499187e+09 1.150282376755319118e+09 2.839568345947784424e+09
2.838032310639499187e+09 1.150282376755319118e+09 2.839568345947784424e+09
2.838032292992023945e+09 1.150282343805434227e+09 2.839568356226219177e+09
2.838032292992023945e+09 1.150282343805434227e+09 2.839568356226219177e+09
2.838032274805100441e+09 1.150282328692992449e+09 2.839568320793508530e+09
2.838032274805100441e+09 1.150282328692992449e+09 2.839568320793508530e+09
2.838032270693275452e+09 1.150282290295433521e+09 2.839568312756648540e+09
2.838032270693275452e+09 1.150282290295433521e+09 2.839568312756648540e+09
2.838032278156684399e+09 1.150282331648773193e+09 2.839568336256758213e+09
2.838032278156684399e+09 1.150282331648773193e+09 2.839568336256758213e+09
2.838032257102112293e+09 1.150282278935023546e+09 2.839568296331538677e+09
2.838032257102112293e+09 1.150282278935023546e+09 2.839568296331538677e+09
2.838032280272925377e+09 1.150282332333211422e+09 2.839568309523505688e+09
2.838032280272925377e+09 1.150282332333211422e+09 2.839568309523505688e+09
