4.602539519038306253e+02 4.641560991840711949e+02 4.909155587085791694e+02
4.755939378148882497e+02 4.664267383669345008e+02 4.711097833533102062e+02
4.759076913983824397e+02 4.685314678321527140e+02 4.704213505957506527e+02
4.761015744395022580e+02 4.687666205720643120e+02 4.707478357103608460e+02
4.763077147345680373e+02 4.689568203353786657e+02 4.709665089534128128e+02
4.764832322455993676e+02 4.691250235870178926e+02 4.711449747358355467e+02
4.766328700766189854e+02 4.692695027493651878e+02 4.712952137115514688e+02
4.767607014966820884e+02 4.693934470223665016e+02 4.714222693289462995e+02
4.768696888845111630e+02 4.694994559707158714e+02 4.715298165614990467e+02
4.769621903509533922e+02 4.695896528680838742e+02 4.716206165232605372e+02
4.770401648725066366e+02 4.696658448886920496e+02 4.716968444889293437e+02
4.774288490372859428e+02 4.704984389583814846e+02 4.724445417383560084e+02
4.780548294153439315e+02 4.710876586906444459e+02 4.730739803133378132e+02
4.786881033389148570e+02 4.716994107186856695e+02 4.736888148604255093e+02
4.793100659150131264e+02 4.722995348686154671e+02 4.742987515759846247e+02
4.799153562776704121e+02 4.728820658370976275e+02 4.748953558068274106e+02
4.805008047894439187e+02 4.734463459187059016e+02 4.754743724377410672e+02
4.810646639163920213e+02 4.739898173036438607e+02 4.760324574001437554e+02
4.816055309115432124e+02 4.745113148808147798e+02 4.765677023070163614e+02
4.821225224760793253e+02 4.750100524291796660e+02 4.770790347127047539e+02
4.826144515358806188e+02 4.754833439130528063e+02 4.775644895720615750e+02
4.830812163112507278e+02 4.759343123633941559e+02 4.780253731860985908e+02
4.835233964910884765e+02 4.763617653380985644e+02 4.784616736258374203e+02
4.839412029413173855e+02 4.767659033564326592e+02 4.788735397712696908e+02
4.843349410226918508e+02 4.771469916500299746e+02 4.792613325043901682e+02
4.847050336760113396e+02 4.775054100929388028e+02 4.796255278601229861e+02
4.850520008518939221e+02 4.778416199253721288e+02 4.799666822777272159e+02
4.853764438262592193e+02 4.781561789066296910e+02 4.802854380313168008e+02
4.856781285998975477e+02 4.784476875381098466e+02 4.805812992039383289e+02
4.859584082274716934e+02 4.787198459495976977e+02 4.808562381159239862e+02
4.862184381704713019e+02 4.789724640977918284e+02 4.811111921077185798e+02
4.864590824858327665e+02 4.792063675316122726e+02 4.813469686376805612e+02
4.866811952121638001e+02 4.794223682487914289e+02 4.815644414285761172e+02
4.868856467887570147e+02 4.796212929020423985e+02 4.817644927808977400e+02
4.870733176177706127e+02 4.798039804937743611e+02 4.819480095144711527e+02
4.872450920969471326e+02 4.799712762909788353e+02 4.821158787753267347e+02
4.874018528246353412e+02 4.801240253325815388e+02 4.822689828154544784e+02
4.875444750903020008e+02 4.802630672078758494e+02 4.824081941861903147e+02
4.876738219819872597e+02 4.803892311058328346e+02 4.825343712819394568e+02
4.877907400115234964e+02 4.805033313849746150e+02 4.826483543041607049e+02
4.878960552989958046e+02 4.806061637868110665e+02 4.827509617680883025e+02
4.879905702867148420e+02 4.806985020891621048e+02 4.828429874766873695e+02
4.880750609627869494e+02 4.807810952887800795e+02 4.829251979715501193e+02
4.881502745946544337e+02 4.808546653806543532e+02 4.829983305102234112e+02
4.882169279119600560e+02 4.809199053794912970e+02 4.830630914068107700e+02
4.882757057159162741e+02 4.809774779681293921e+02 4.831201548101301455e+02
4.883272598945630989e+02 4.810280144332497798e+02 4.831701618620029421e+02
4.883722087862709031e+02 4.810721139427865296e+02 4.832137201666659507e+02
4.884111368677873770e+02 4.811103432000038538e+02 4.832514035886613897e+02
4.884445947997924691e+02 4.811432366163303982e+02 4.832837524713128801e+02
4.884730997010310602e+02 4.811712961690591328e+02 4.833112738302925777e+02
4.884971355805782878e+02 4.811949919664068034e+02 4.833344419086190555e+02
4.885171540245272581e+02 4.812147628586607766e+02 4.833536989151107832e+02
4.885335750470842413e+02 4.812310172161932655e+02 4.833694559040621925e+02
4.885467880881124643e+02 4.812441338751368107e+02 4.833820937982758323e+02
4.885571531160250629e+02 4.812544631624967906e+02 4.833919645036888824e+02
4.885650018234208574e+02 4.812623280394241760e+02 4.833993921147232413e+02
4.885706388901586479e+02 4.812680253004966744e+02 4.834046741791736395e+02
4.885743433058988217e+02 4.812718268508126584e+02 4.834080830188975710e+02
4.885763697095785005e+02 4.812739809862813445e+02 4.834098670731926291e+02
4.885769497350717074e+02 4.812747136221668711e+02 4.834102521954685585e+02
4.885762933695249330e+02 4.812742296936447133e+02 4.834094430372434203e+02
4.885745926877270904e+02 4.812727216268002053e+02 4.834076300997118096e+02
4.885720184334006717e+02 4.812703462667975032e+02 4.834049730469410520e+02
4.885687214831934284e+02 4.812672563102978529e+02 4.834016215757965256e+02
4.885648383692118273e+02 4.812635851449401798e+02 4.833977087587173287e+02
4.885604906013594473e+02 4.812594516648458693e+02 4.833933526431371774e+02
4.885557857169073372e+02 4.812549611745538982e+02 4.833886576472223737e+02
4.885508184061162638e+02 4.812502064607185730e+02 4.833837156509904958e+02
4.885456715831741121e+02 4.812452688321093888e+02 4.833786070423250294e+02
4.885404174031564253e+02 4.812402191068589445e+02 4.833734017132861140e+02
4.885351182242249592e+02 4.812351185470815835e+02 4.833681600029752872e+02
4.885298275140963256e+02 4.812300197390574112e+02 4.833629335853614748e+02
4.885245907007864616e+02 4.812249674196833666e+02 4.833577663021418971e+02
4.885194459680679984e+02 4.812199992497167500e+02 4.833526949412927820e+02
4.885144424309119131e+02 4.812151453120257543e+02 4.833477449731410616e+02
4.885095755660252621e+02 4.812104384306507541e+02 4.833429547744790398e+02
4.885048768765688010e+02 4.812058899099818632e+02 4.833383347127229399e+02
4.885003627410305285e+02 4.812015171678512502e+02 4.833338989519126017e+02
4.884960451891129196e+02 4.811973323690230018e+02 4.833296589287654115e+02
4.884919327670783673e+02 4.811933441787454626e+02 4.833256226409711189e+02
4.884880309497991675e+02 4.811895582450763982e+02 4.833217951007652005e+02
4.884843425473686125e+02 4.811859776020597224e+02 4.833181787421845570e+02
4.884808680858026833e+02 4.811826030575966797e+02 4.833147738013482240e+02
4.884776061472107926e+02 4.811794334918319009e+02 4.833115786316146227e+02
4.884745536661761207e+02 4.811764661513395822e+02 4.833085899921841246e+02
4.884717061978686274e+02 4.811736969190012587e+02 4.833058033136998688e+02
4.884690581637693185e+02 4.811711205621537033e+02 4.833032129416140492e+02
4.884666030708187350e+02 4.811687309360317499e+02 4.833008123441928205e+02
4.884643337032907198e+02 4.811665211757506313e+02 4.832985943002900626e+02
4.884622422935037207e+02 4.811644838635894530e+02 4.832965510653734214e+02
4.884603206720015010e+02 4.811626111761556785e+02 4.832946745172181977e+02
4.884585603988832077e+02 4.811608950132923610e+02 4.832929562832269426e+02
4.884569528779375673e+02 4.811593271101841651e+02 4.832913878509950223e+02
4.884554894551604320e+02 4.811578991342257723e+02 4.832899606636354406e+02
4.884541615030877892e+02 4.811566027680254933e+02 4.832886662012836609e+02
4.884529604923720285e+02 4.811554297799839333e+02 4.832874960501844157e+02
4.884518780518033054e+02 4.811543720834946498e+02 4.832864419604935051e+02
4.884509060180467372e+02 4.811534217862180753e+02 4.832854958941229029e+02
4.884500364761398146e+02 4.811525712301773865e+02 4.832846500635501457e+02
4.884492617917800317e+02 4.811518130239047650e+02 4.832838969626689050e+02
4.884485746363571934e+02 4.811511400674537526e+02 4.832832293905968299e+02
4.884479680055990229e+02 4.811505455711599097e+02 4.832826404692713709e+02
4.884474352325760833e+02 4.811500230688387774e+02 4.832821236555778910e+02
4.884469699958455635e+02 4.811495664262598098e+02 4.832816727487714843e+02
4.884465663233517603e+02 4.811491698454088350e+02 4.832812818937848078e+02
4.884462185926801681e+02 4.811488278651685846e+02 4.832809455810111672e+02
4.884459215282317359e+02 4.811485353590008458e+02 4.832806586431188407e+02
4.884456701957795417e+02 4.811482875300049500e+02 4.832804162493384865e+02
4.884454599948493296e+02 4.811480799038395162e+02 4.832802138976451261e+02
4.884452866492965200e+02 4.811479083198590274e+02 4.832800474052329491e+02
4.888722103101528660e+02 4.812666037480284444e+02 4.833684752132749622e+02
4.891357457328010128e+02 4.815391268025809381e+02 4.836034046171716909e+02
4.893930299483202475e+02 4.817891155841417117e+02 4.838564978148049249e+02
4.896466325587534243e+02 4.820340902759339201e+02 4.841056125625331106e+02
4.898935925445321686e+02 4.822724059301762054e+02 4.843476809554280749e+02
4.901325408882811416e+02 4.825035744280447148e+02 4.845824146125600009e+02
4.903627321684718936e+02 4.827263927282471627e+02 4.848084107618972212e+02
4.905833594665245414e+02 4.829401030524519456e+02 4.850248415635921901e+02
4.907938191728852644e+02 4.831441074649183065e+02 4.852311367103091015e+02
4.909936858845773031e+02 4.833379730107888008e+02 4.854268994520929823e+02
4.911826858472497292e+02 4.835214168975469420e+02 4.856118841833367128e+02
4.913606784161349310e+02 4.836942842652773038e+02 4.857859720686429341e+02
4.915276362608991576e+02 4.838565322734998517e+02 4.859491578072500033e+02
4.916836321129346175e+02 4.840082156281607126e+02 4.861015302693399462e+02
4.918288241532941356e+02 4.841494755035451476e+02 4.862432607814072867e+02
4.919634433463659207e+02 4.842805229347156910e+02 4.863745901427574836e+02
4.920877938668332376e+02 4.844016399201796048e+02 4.864958253950452445e+02
4.922020828106676049e+02 4.845127979794465887e+02 4.866070849126463145e+02
4.923067402626634248e+02 4.846148827030335724e+02 4.867090044851095172e+02
4.924022711495057933e+02 4.847081139913056518e+02 4.868019939011244333e+02
4.924891208982149351e+02 4.847929218486974037e+02 4.868864810825712652e+02
4.925677443811683247e+02 4.848697426879862746e+02 4.869629187791536538e+02
4.926386061230573432e+02 4.849390163388552537e+02 4.870317631528344577e+02
4.927021726914730948e+02 4.850012038726796959e+02 4.870934832657691231e+02
4.927589157196021006e+02 4.850567535576965383e+02 4.871485407442579572e+02
4.928093000612793162e+02 4.851061141538411903e+02 4.871973928900779924e+02
4.928537824647810908e+02 4.851497269848863994e+02 4.872404888475989537e+02
4.928928086750203192e+02 4.851880231805700419e+02 4.872782664121899074e+02
4.929268109033897076e+02 4.852214211724768802e+02 4.873111496366286701e+02
4.929562057503896995e+02 4.852503246314642524e+02 4.873395468806152167e+02
4.929813925717388088e+02 4.852751208311364621e+02 4.873638492722366777e+02
4.930027522197746634e+02 4.852961793713244560e+02 4.873844295310727830e+02
4.930206461312963029e+02 4.853138512511062572e+02 4.874016411250005945e+02
4.930354157241801545e+02 4.853284682439031599e+02 4.874158177239045244e+02
4.930473820666012443e+02 4.853403425408347402e+02 4.874272729147857035e+02
4.930568457845317880e+02 4.853497666290314214e+02 4.874363001456087545e+02
4.930640871760794539e+02 4.853570133741591235e+02 4.874431728670194275e+02
4.930693665024577967e+02 4.853623362775304031e+02 4.874481448431859576e+02
4.930729244284580091e+02 4.853659698815004617e+02 4.874514506053877767e+02
4.930749825870173595e+02 4.853681302982316765e+02 4.874533060239901943e+02
4.930757442448357892e+02 4.853690158386115172e+02 4.874539089762311050e+02
4.930753950482512664e+02 4.853688077224392146e+02 4.874534400904599920e+02
4.930741038305489496e+02 4.853676708492326384e+02 4.874520635477857695e+02
4.930720234639049409e+02 4.853657546150473081e+02 4.874499279256543787e+02
4.930692917411723215e+02 4.853631937596899206e+02 4.874471670687962046e+02
4.930660322744934660e+02 4.853601092320401449e+02 4.874439009751804406e+02
4.930623553995022803e+02 4.853566090617659938e+02 4.874402366858417395e+02
4.930583590751521683e+02 4.853527892285869711e+02 4.874362691696099432e+02
4.930541297712233586e+02 4.853487345199426386e+02 4.874320821942881707e+02
4.930497433363129858e+02 4.853445193714209722e+02 4.874277491782758034e+02
4.930452658407926378e+02 4.853402086830776057e+02 4.874233340166450716e+02
4.930407543899256098e+02 4.853358586077208088e+02 4.874188918774009949e+02
4.930362579037231967e+02 4.853315173077519944e+02 4.874144699648110191e+02
4.930318178607085997e+02 4.853272256770915760e+02 4.874101082467435617e+02
4.930274690035749359e+02 4.853230180267516403e+02 4.874058401443901971e+02
4.930232400054709956e+02 4.853189227325390220e+02 4.874016931831666284e+02
4.930191540961771466e+02 4.853149628439932144e+02 4.873976896040592237e+02
4.930152296482676775e+02 4.853111566552830709e+02 4.873938469359418377e+02
4.930114807229028315e+02 4.853075182357393373e+02 4.873901785272789198e+02
4.930079175767014021e+02 4.853040579244593005e+02 4.873866940406854269e+02
4.930045471292681327e+02 4.853007827858151586e+02 4.873833999088047335e+02
4.930013733938506562e+02 4.852976970294394619e+02 4.873802997535994450e+02
4.929983978725061888e+02 4.852948023955613053e+02 4.873773947705973910e+02
4.929956199162517123e+02 4.852920985067200377e+02 4.873746840795616322e+02
4.929930370524794512e+02 4.852895831876707007e+02 4.873721650429570786e+02
4.929906452811753184e+02 4.852872527546626884e+02 4.873698335538343258e+02
4.929884393418192303e+02 4.852851022766235474e+02 4.873676842950860646e+02
4.929864129529353249e+02 4.852831258094548161e+02 4.873657109719353002e+02
4.929845590253399905e+02 4.852813166048035782e+02 4.873639065190182578e+02
4.929828698513279051e+02 4.852796672956776547e+02 4.873622632840111919e+02
4.929813372722410350e+02 4.852781700604292610e+02 4.873607731895488087e+02
4.929799528249348555e+02 4.852768167665198575e+02 4.873594278751193656e+02
4.929787078695877653e+02 4.852755990963134991e+02 4.873582188209355195e+02
4.929775936998859152e+02 4.852745086550164615e+02 4.873571374539265548e+02
4.929766016375546087e+02 4.852735370641229338e+02 4.873561752394233508e+02
4.929757231125429371e+02 4.852726760402095465e+02 4.873553237581731423e+02
4.929749497300739449e+02 4.852719174612647066e+02 4.873545747709263765e+02
4.929742733260563341e+02 4.852712534215316964e+02 4.873539202716610816e+02
4.929736860119720632e+02 4.852706762759556796e+02 4.873533525304908949e+02
4.929731802103867153e+02 4.852701786756313140e+02 4.873528641276009239e+02
4.929727486821379898e+02 4.852697535949745316e+02 4.873524479790589226e+02
4.929723845461741689e+02 4.852693943516591162e+02 4.873520973554774969e+02
4.929720812929738258e+02 4.852690946203958902e+02 4.873518058945134612e+02
4.929718327922714138e+02 4.852688484409288776e+02 4.873515676077691410e+02
4.929716332962131560e+02 4.852686502219464728e+02 4.873513768836395457e+02
4.929714774379528421e+02 4.852684947396764983e+02 4.873512284849384741e+02
4.929713602269931698e+02 4.852683771342523187e+02 4.873511175443820207e+02
4.929712770415078467e+02 4.852682929024742862e+02 4.873510395564672422e+02
4.929712236183877394e+02 4.852682378886529477e+02 4.873509903676776389e+02
4.929711960409885592e+02 4.852682082725254418e+02 4.873509661636661576e+02
4.929711907254834955e+02 4.852682005568905197e+02 4.873509634562332735e+02
4.929712044060970015e+02 4.852682115530099622e+02 4.873509790682451808e+02
4.929712341194667147e+02 4.852682383661215795e+02 4.873510101186119527e+02
4.929712771882603874e+02 4.852682783790840517e+02 4.873510540054707008e+02
4.929713312044788722e+02 4.852683292366957630e+02 4.873511083902106975e+02
4.929713940127143132e+02 4.852683888296028840e+02 4.873511711808989162e+02
4.929714636934886585e+02 4.852684552778638931e+02 4.873512405156780574e+02
4.929715385466121802e+02 4.852685269153050740e+02 4.873513147467072031e+02
4.929716170750980950e+02 4.852686022736155564e+02 4.873513924241766517e+02
4.929716979693537837e+02 4.852686800671318110e+02 4.873514722808279771e+02
4.924957531791852148e+02 4.843148670051714362e+02 4.866904460901088783e+02
4.918306281561717128e+02 4.836786036346138076e+02 4.860200137313419191e+02
4.911525621824421819e+02 4.830230424457955678e+02 4.853608657088729501e+02
4.904832272936948243e+02 4.823752024845692858e+02 4.847061370374285616e+02
4.898287197205867756e+02 4.817423005403987872e+02 4.840643082667133967e+02
4.891939646566543161e+02 4.811278995326420045e+02 4.834415679891442892e+02
4.885818514135762030e+02 4.805358231313554711e+02 4.828409081479880456e+02
4.879949123024655933e+02 4.799676954831959392e+02 4.822651572152551580e+02
4.874349342286376441e+02 4.794254785190669850e+02 4.817158762336154609e+02
4.869026941389935814e+02 4.789100548724015312e+02 4.811935000035920780e+02
4.863987088439304785e+02 4.784218533374954632e+02 4.806990866095153478e+02
4.859232168972253589e+02 4.779611219317993118e+02 4.802326857311227855e+02
4.854760127434321930e+02 4.775277504477199386e+02 4.797940312402567429e+02
4.850566339744831339e+02 4.771211593903545918e+02 4.793826386301900015e+02
4.846643681995498127e+02 4.767406581167865056e+02 4.789978771065129877e+02
4.842983691006290883e+02 4.763858064671520651e+02 4.786388858522892633e+02
4.839579465731918617e+02 4.760558830239495478e+02 4.783053297499513405e+02
4.836420063043135542e+02 4.757494443551194649e+02 4.779954562375076534e+02
4.833494337858225549e+02 4.754660273220162026e+02 4.777087739808657147e+02
4.830790864749187676e+02 4.752037012046874338e+02 4.774436372035866611e+02
4.828296161452377078e+02 4.749616091661343376e+02 4.771989703315801421e+02
4.825998462029508573e+02 4.747386030623512170e+02 4.769736443881744208e+02
4.823886213323518177e+02 4.745335655934329111e+02 4.767665225662890407e+02
4.821948065898546361e+02 4.743453997941707030e+02 4.765764899908554071e+02
4.820172952157068949e+02 4.741730353138065652e+02 4.764024601032591590e+02
4.818550146227278788e+02 4.740154355680652429e+02 4.762433806733897654e+02
4.817069312044403091e+02 4.738715980827691396e+02 4.760982360390501640e+02
4.815720525704796273e+02 4.737405634060796729e+02 4.759660524806734543e+02
4.814494310151441141e+02 4.736214140564192121e+02 4.758458996928682723e+02
4.813382694848285155e+02 4.735136128166789149e+02 4.757371059496783232e+02
4.812376880953619889e+02 4.734158071106527359e+02 4.756385840835202998e+02
4.811467840167860004e+02 4.733273961764024307e+02 4.755495470708520429e+02
4.810647875593827507e+02 4.732476296733722734e+02 4.754692552090299387e+02
4.809909819355524405e+02 4.731758125361563430e+02 4.753970029224847735e+02
4.809246985651121804e+02 4.731112978056294196e+02 4.753321318272071494e+02
4.808653061135581765e+02 4.730534727107608433e+02 4.752740232755265311e+02
4.808122183037213517e+02 4.730017694465693125e+02 4.752221002875432987e+02
4.807648887376105336e+02 4.729556584522555909e+02 4.751758259793357979e+02
4.807228093584163844e+02 4.729146472164455872e+02 4.751347011515125587e+02
4.806855085602559825e+02 4.728782785380592486e+02 4.750982624799779046e+02
4.806525493778925124e+02 4.728461287292386146e+02 4.750660806779052336e+02
4.806235276307033359e+02 4.728178058401591102e+02 4.750377586865577655e+02
4.805980700981322116e+02 4.727929479297085322e+02 4.750129299039028297e+02
4.805758327554786433e+02 4.727712213980533988e+02 4.749912564762612419e+02
4.805564989736549819e+02 4.727523189158185346e+02 4.749724273463612008e+02
4.805397777501611358e+02 4.727359581401124160e+02 4.749561567339642920e+02
4.805254021163794391e+02 4.727218800006626793e+02 4.749421825021442487e+02
4.805131275518792222e+02 4.727098471701778521e+02 4.749302645874369091e+02
4.805027304607787642e+02 4.726996425915658619e+02 4.749201835023623630e+02
4.804940067168122937e+02 4.726910680709095800e+02 4.749117389046456879e+02
4.804867702783649861e+02 4.726839429378498494e+02 4.749047482347135656e+02
4.804808518739190504e+02 4.726781027741672006e+02 4.748990454222634412e+02
4.804760977564396853e+02 4.726733982217065204e+02 4.748944796691682200e+02
4.804723685309208463e+02 4.726696938691521837e+02 4.748909143106483270e+02
4.804695380740010933e+02 4.726668670558124177e+02 4.748882256511626565e+02
4.804674924358259887e+02 4.726648069977619571e+02 4.748863019997700690e+02
4.804661288910097596e+02 4.726634137953209347e+02 4.748850427006495920e+02
4.804653550260843531e+02 4.726625975516027438e+02 4.748843572298662252e+02
4.804650878850417257e+02 4.726622775452745486e+02 4.748841643542626230e+02
4.804652531717919715e+02 4.726623814584563092e+02 4.748843913464302773e+02
4.804657845077421143e+02 4.726628446578593525e+02 4.748849732542703919e+02
4.804666227410286865e+02 4.726636095256479848e+02 4.748858522208871591e+02
4.804677153054090013e+02 4.726646248385184208e+02 4.748869768538615972e+02
4.804690156256823457e+02 4.726658451915256478e+02 4.748883016400217230e+02
4.804704825678245470e+02 4.726672304655367611e+02 4.748897864048853990e+02
4.804720799306103913e+02 4.726687453342081540e+02 4.748913958121536325e+02
4.804737759764415159e+02 4.726703588096074213e+02 4.748930989026775364e+02
4.804755429994194742e+02 4.726720438230572086e+02 4.748948686694378125e+02
4.804773569277331262e+02 4.726737768399112838e+02 4.748966816668834667e+02
4.804791969586468667e+02 4.726755375053457442e+02 4.748985176520141067e+02
4.804810452236455376e+02 4.726773083197002165e+02 4.749003592554481088e+02
4.804828864818967986e+02 4.726790743407894411e+02 4.749021916800975873e+02
4.804847078400279088e+02 4.726808229123472529e+02 4.749040024261373674e+02
4.804864984961872665e+02 4.726825434151430159e+02 4.749057810393171621e+02
4.804882495070640971e+02 4.726842270412041671e+02 4.749075188827762304e+02
4.804899535757686522e+02 4.726858665874823942e+02 4.749092089282293614e+02
4.804916048591879871e+02 4.726874562690142056e+02 4.749108455674164588e+02
4.804931987935370898e+02 4.726889915491767056e+02 4.749124244408062054e+02
4.804947319362380540e+02 4.726904689860825215e+02 4.749139422824346752e+02
4.804962018232312175e+02 4.726918860940286322e+02 4.749153967801854606e+02
4.804976068404200760e+02 4.726932412182896428e+02 4.749167864497201208e+02
4.804989461079957209e+02 4.726945334226499540e+02 4.749181105211795852e+02
4.805002193764346430e+02 4.726957623882826738e+02 4.749193688372316728e+02
4.805014269337257247e+02 4.726969283232796215e+02 4.749205617624485853e+02
4.805025695221809769e+02 4.726980318818926889e+02 4.749216901017755390e+02
4.805036482645245428e+02 4.726990740923742464e+02 4.749227550282438983e+02
4.805046645980912672e+02 4.727000562927609053e+02 4.749237580186049286e+02
4.805056202165977197e+02 4.727009800743944083e+02 4.749247007965482794e+02
4.805065170187695571e+02 4.727018472315324402e+02 4.749255852824356907e+02
4.805073570631024609e+02 4.727026597174021276e+02 4.749264135491811203e+02
4.805081425282040755e+02 4.727034196052551351e+02 4.749271877835234363e+02
4.805088756782446353e+02 4.727041290549013297e+02 4.749279102524748737e+02
4.805095588329529050e+02 4.727047902830765338e+02 4.749285832739385569e+02
4.805101943416508448e+02 4.727054055382624256e+02 4.749292091915999663e+02
4.805107845610186246e+02 4.727059770787160460e+02 4.749297903531927432e+02
4.805113318361356960e+02 4.727065071540445160e+02 4.749303290921893677e+02
4.805118384844807906e+02 4.727069979894177436e+02 4.749308277122514141e+02
4.805123067825157932e+02 4.727074517723027611e+02 4.749312884742266192e+02
4.805127389546469772e+02 4.727078706417528906e+02 4.749317135855828838e+02
4.805131371640891871e+02 4.727082566792582838e+02 4.749321051914300824e+02
4.808346408719325495e+02 4.734713592647609630e+02 4.753783100301776585e+02
4.813064689747265561e+02 4.739223460639586847e+02 4.758608475491768672e+02
4.817928415306839725e+02 4.743912104306629089e+02 4.763348789095958864e+02
4.822756584809105220e+02 4.748570138313572215e+02 4.768095909093262321e+02
4.827494616551999798e+02 4.753118934364792381e+02 4.772764151474909227e+02
4.832110571230844585e+02 4.757568879014072536e+02 4.777325694822020523e+02
4.836587667622216600e+02 4.761886084779648627e+02 4.781751609494036188e+02
4.840909675190906114e+02 4.766055976384769792e+02 4.786022159466594985e+02
4.845064441944779787e+02 4.770067053477906711e+02 4.790124447236721039e+02
4.849043253772055095e+02 4.773910796919147401e+02 4.794049675311031251e+02
4.852839973509027232e+02 4.777581067706281033e+02 4.797791998365079849e+02
4.856437803997536093e+02 4.781045189101139385e+02 4.801330982157967355e+02
4.859843446124278898e+02 4.784343099836924580e+02 4.804681750818117507e+02
4.863061651854039269e+02 4.787461304293989883e+02 4.807846306827369176e+02
4.866094062044854240e+02 4.790401223270091577e+02 4.810825655799595779e+02
4.868942977525450715e+02 4.793164853400378433e+02 4.813622534580581487e+02
4.871611676179785491e+02 4.795755114642240642e+02 4.816240558991257217e+02
4.874104286510987549e+02 4.798175782043711592e+02 4.818684120562666067e+02
4.876425659106594708e+02 4.800431351834409952e+02 4.820958279935628639e+02
4.878581254683673478e+02 4.802526932348217770e+02 4.823068658552291481e+02
4.880577039979776828e+02 4.804468150256476520e+02 4.825021345535478190e+02
4.882419382743771052e+02 4.806261031309194891e+02 4.826822794187238514e+02
4.884114959146879187e+02 4.807911919724689369e+02 4.828479734538955199e+02
4.885670669687309555e+02 4.809427393198503751e+02 4.829999093128264462e+02
4.887093562519492593e+02 4.810814187357757419e+02 4.831387919641121016e+02
4.888390764286432386e+02 4.812079127586654295e+02 4.832653321016572363e+02
4.889569418104508145e+02 4.813229067639485947e+02 4.833802402472565518e+02
4.890636628691371470e+02 4.814270835629648104e+02 4.834842215548149511e+02
4.891599413933084293e+02 4.815211185721260563e+02 4.835779712290624275e+02
4.892464662788939336e+02 4.816056756417389124e+02 4.836621705588178770e+02
4.893239099079733023e+02 4.816814034451372208e+02 4.837374835193057834e+02
4.893929250965823599e+02 4.817489324233214347e+02 4.838045539100895667e+02
4.894541425624194630e+02 4.818088722420537806e+02 4.838640029964093969e+02
4.895081688589486930e+02 4.818618097125759050e+02 4.839164276097718584e+02
4.895555847663566169e+02 4.819083071529439053e+02 4.839623986692813560e+02
4.895969440868271931e+02 4.819489011514549475e+02 4.840024600939440234e+02
4.896327728095129146e+02 4.819841016948358856e+02 4.840371280680319614e+02
4.896635686075385934e+02 4.820143916230713899e+02 4.840668906224101420e+02
4.896898006266366679e+02 4.820402263744039146e+02 4.840922074964721560e+02
4.897119095443458718e+02 4.820620339952510562e+02 4.841135102497488560e+02
4.897303078585241565e+02 4.820802153751372430e+02 4.841312025916551534e+02
4.897453803621216935e+02 4.820951446808575724e+02 4.841456609021506665e+02
4.897574847917824172e+02 4.821071699442596241e+02 4.841572349009703657e+02
4.897669510454050510e+02 4.821166112709640856e+02 4.841662470666757372e+02
4.897740865925625258e+02 4.821237700801328856e+02 4.841729973279539081e+02
4.897791733323900871e+02 4.821289200502011454e+02 4.841777610607048814e+02
4.897824697470874753e+02 4.821323131252885901e+02 4.841807903807059574e+02
4.897842120969160646e+02 4.821341797165815137e+02 4.841823156623427167e+02
4.897846156017135968e+02 4.821347298164496920e+02 4.841825466550183137e+02
4.897838756143775640e+02 4.821341541282124581e+02 4.841816736462656081e+02
4.897821687998051061e+02 4.821326252004146227e+02 4.841798686283860320e+02
4.897796543084746759e+02 4.821302985578050766e+02 4.841772864571946116e+02
4.897764749351191540e+02 4.821273138195414276e+02 4.841740659943070568e+02
4.897727582542599407e+02 4.821237957961550364e+02 4.841703312251226521e+02
4.897686177233923104e+02 4.821198555588829322e+02 4.841661923466575104e+02
4.897641537586886216e+02 4.821155914734056864e+02 4.841617468165266018e+02
4.897594547599568955e+02 4.821110902001211116e+02 4.841570803666483584e+02
4.897545980979480760e+02 4.821064276484900688e+02 4.841522679698885554e+02
4.897496510543614932e+02 4.821016698889736745e+02 4.841473747615362413e+02
4.897446717137686392e+02 4.820968740185833781e+02 4.841424569132407782e+02
4.897397098065302998e+02 4.820920889794563777e+02 4.841375624585104447e+02
4.897348075022855483e+02 4.820873563297690794e+02 4.841327320693528122e+02
4.897300001539930463e+02 4.820827109670009918e+02 4.841279997841891714e+02
4.897253169931679508e+02 4.820781818040592270e+02 4.841233936876619168e+02
4.897207817771381997e+02 4.820737923990544687e+02 4.841189365432558134e+02
4.897164133895800546e+02 4.820695615398545897e+02 4.841146463799829007e+02
4.897122263957933228e+02 4.820655037848527513e+02 4.841105370346024870e+02
4.897082315543884761e+02 4.820616299614645186e+02 4.841066186510562943e+02
4.897044362872098873e+02 4.820579476242090209e+02 4.841028981389720798e+02
4.897008451094653196e+02 4.820544614741002647e+02 4.840993795930891110e+02
4.896974600220408433e+02 4.820511737413977471e+02 4.840960646756903998e+02
4.896942808680927328e+02 4.820480845336573452e+02 4.840929529640341116e+02
4.896913056560117639e+02 4.820451921510937154e+02 4.840900422648568906e+02
4.896885308508162211e+02 4.820424933712474171e+02 4.840873288979981339e+02
4.896859516366449157e+02 4.820399837062856818e+02 4.840848079519561225e+02
4.896835621490900508e+02 4.820376576267325959e+02 4.840824735088418151e+02
4.896813556871211404e+02 4.820355087762813469e+02 4.840803188522011737e+02
4.896793248963419956e+02 4.820335301423505712e+02 4.840783366428622685e+02
4.896774619330662404e+02 4.820317142231729690e+02 4.840765190794380715e+02
4.896757586086904439e+02 4.820300531674707827e+02 4.840748580381602437e+02
4.896742065144146636e+02 4.820285388958181443e+02 4.840733451932526350e+02
4.896727971298968782e+02 4.820271632086110571e+02 4.840719721224131717e+02
4.896715219167890041e+02 4.820259178776692579e+02 4.840707303971864235e+02
4.896703723984268777e+02 4.820247947247253251e+02 4.840696116598900858e+02
4.896693402270944375e+02 4.820237856877484433e+02 4.840686076884478553e+02
4.896684187758808662e+02 4.820228853224027148e+02 4.840677117870653206e+02
4.896675987549268143e+02 4.820220827362311411e+02 4.840669151943550901e+02
4.896668723517524882e+02 4.820213712949057481e+02 4.840662099959980651e+02
4.896662321506728404e+02 4.820207438310495149e+02 4.840655889573068293e+02
4.896656710887792201e+02 4.820201934973219977e+02 4.840650451431629904e+02
4.896651824434272839e+02 4.820197137741172355e+02 4.840645719584553603e+02
4.896647598409010129e+02 4.820192984763870641e+02 4.840641631553680782e+02
4.896643972614154450e+02 4.820189417593084613e+02 4.840638128367066315e+02
4.896640890404409561e+02 4.820186381201748418e+02 4.840635154563265701e+02
4.896638298667722324e+02 4.820183823970287449e+02 4.840632658166493911e+02
4.896636147777254564e+02 4.820181697643993743e+02 4.840630590635102521e+02
4.896634391519872338e+02 4.820179957267455393e+02 4.840628906787765118e+02
4.896632987004077791e+02 4.820178561097700936e+02 4.840627564709819239e+02
4.896631894552127164e+02 4.820177470502663368e+02 4.840626525644840399e+02
4.896631077579163502e+02 4.820176649846002306e+02 4.840625753873727035e+02
4.890475747799956707e+02 4.818927892509520348e+02 4.837827402787020219e+02
4.886141861173121015e+02 4.814552314083403530e+02 4.833972449670184801e+02
4.881908207877768291e+02 4.810436177154544453e+02 4.829824040548434141e+02
4.877729835592013501e+02 4.806397048925945228e+02 4.825720888073577157e+02
4.873649065873216841e+02 4.802452784379586319e+02 4.821709059967171811e+02
4.869691569906021300e+02 4.798626865025725010e+02 4.817816820692831357e+02
4.865875422347713197e+02 4.794936436142905904e+02 4.814063629710790337e+02
4.862213620978978952e+02 4.791394045616593758e+02 4.810462827378425459e+02
4.858715183685341117e+02 4.788008544908356612e+02 4.807023393931805231e+02
4.855385904906850101e+02 4.784785736272468739e+02 4.803750992218636497e+02
4.852233287192560738e+02 4.781742804475777007e+02 4.800657404474892473e+02
4.849257316021596012e+02 4.778859412888168663e+02 4.797733590244498032e+02
4.846453313672315062e+02 4.776142135767903483e+02 4.794978700160742164e+02
4.843818538350739686e+02 4.773588263630032884e+02 4.792390609074833492e+02
4.841349335245910765e+02 4.771194338538084025e+02 4.789965597163408120e+02
4.839041104093462877e+02 4.768956000534033137e+02 4.787699057818006736e+02
4.836888507112377056e+02 4.766868159169463297e+02 4.785585683924596196e+02
4.834885645118823163e+02 4.764925164929357493e+02 4.783619629433428031e+02
4.833026209138151899e+02 4.763120961087552132e+02 4.781794655045201239e+02
4.831303611022894984e+02 4.761449211330502749e+02 4.780104253896853947e+02
4.829711094085069476e+02 4.759903408680634698e+02 4.778541758749980204e+02
4.828241826222742361e+02 4.758476967299567946e+02 4.777100432637088261e+02
4.826888977715164515e+02 4.757163298370150528e+02 4.775773544283693468e+02
4.825645785269339285e+02 4.755955872912823565e+02 4.774554430405233347e+02
4.824505604382227375e+02 4.754848273233676537e+02 4.773436546714390829e+02
4.823461951171068449e+02 4.753834234092747693e+02 4.772413508702512104e+02
4.822508535595710555e+02 4.752907675201546454e+02 4.771479123956021340e+02
4.821639260900565773e+02 4.752062765523979238e+02 4.770627425237427701e+02
4.820848344524121671e+02 4.751293781364284428e+02 4.769852658011756148e+02
4.820130183930870089e+02 4.750595369791149096e+02 4.769149334258889894e+02
4.819479470083597334e+02 4.749962424002009129e+02 4.768512249099033511e+02
4.818892567009369827e+02 4.749392866441767751e+02 4.767938124470757089e+02
4.818363562139309693e+02 4.748877766116909811e+02 4.767420501212433805e+02
4.817887453783536102e+02 4.748414042718579822e+02 4.766954716472411064e+02
4.817459934246342641e+02 4.747997514764454650e+02 4.766536629953161537e+02
4.817077007468236047e+02 4.747624307037213498e+02 4.766162301071786374e+02
4.816734934603082365e+02 4.747290796524693519e+02 4.765828047974688957e+02
4.816430222318107326e+02 4.746993597848427839e+02 4.765530433931003245e+02
4.816159613204473544e+02 4.746729552566753227e+02 4.765266255889304716e+02
4.815920075332920760e+02 4.746495720271838081e+02 4.765032533524314999e+02
4.815708791852124477e+02 4.746289368414539922e+02 4.764826498568178295e+02
4.815523150504168939e+02 4.746107962432446925e+02 4.764645584367967786e+02
4.815360734337649546e+02 4.745949157606729614e+02 4.764487416457784548e+02
4.815219309781696211e+02 4.745810785597629433e+02 4.764349801199564922e+02
4.815096816436562221e+02 4.745690845935190509e+02 4.764230715361710509e+02
4.814991356362201032e+02 4.745587493279263640e+02 4.764128294509418993e+02
4.814901184201672777e+02 4.745499032509612789e+02 4.764040825280513332e+02
4.814824699260723264e+02 4.745423910942392354e+02 4.763966737801038107e+02
4.814760599804879462e+02 4.745361090834758784e+02 4.763904836312133853e+02
4.814707465009925045e+02 4.745308730557139825e+02 4.763853572950895909e+02
4.814663998634578093e+02 4.745265809420706091e+02 4.763811738904299773e+02
4.814629072836390833e+02 4.745231220852492129e+02 4.763778240400292248e+02
4.814601675168636916e+02 4.745203987192921886e+02 4.763752084891136747e+02
4.814580886381750702e+02 4.745183209531737702e+02 4.763732369624267449e+02
4.814565873219826244e+02 4.745168078681894599e+02 4.763718278492621039e+02
4.814555883761925656e+02 4.745157863633297097e+02 4.763709075493648584e+02
4.814550240026864572e+02 4.745151903146722816e+02 4.763704096466617557e+02
4.814548332219703184e+02 4.745149604041512816e+02 4.763702744879543616e+02
4.814549613838873370e+02 4.745150434864402200e+02 4.763704486611825928e+02
4.814553596234238171e+02 4.745153919491715442e+02 4.763708844000051386e+02
4.814559843431251807e+02 4.745159632928945257e+02 4.763715391004307094e+02
4.814567967538798143e+02 4.745167196878248319e+02 4.763723748749107472e+02
4.814577624495165651e+02 4.745176275604221132e+02 4.763733581331201776e+02
4.814588510115769395e+02 4.745186572118222443e+02 4.763744591935976018e+02
4.814600356433604702e+02 4.745197824640403610e+02 4.763756519242966760e+02
4.814612928314979285e+02 4.745209803322806010e+02 4.763769134101187888e+02
4.814626020333443535e+02 4.745222307220717539e+02 4.763782236458044963e+02
4.814639453886200613e+02 4.745235161497174659e+02 4.763795652527064135e+02
4.814653074539633621e+02 4.745248214848997463e+02 4.763809232180896061e+02
4.814666749587331651e+02 4.745261337135969484e+02 4.763822846553203476e+02
4.814680365809193745e+02 4.745274417206888984e+02 4.763836385838866931e+02
4.814693827416930958e+02 4.745287360901959914e+02 4.763849757276558989e+02
4.814707054174405698e+02 4.745300089229669425e+02 4.763862883305068294e+02
4.814719979681404425e+02 4.745312536697138626e+02 4.763875699879118883e+02
4.814732549807809505e+02 4.745324649788222473e+02 4.763888154933330270e+02
4.814744721269603360e+02 4.745336385579930152e+02 4.763900206986241415e+02
4.814756460334110670e+02 4.745347710481487979e+02 4.763911823870951707e+02
4.814767741647694947e+02 4.745358599095505383e+02 4.763922981586338210e+02
4.814778547173224865e+02 4.745369033181967211e+02 4.763933663256041200e+02
4.814788865232165449e+02 4.745379000726845788e+02 4.763943858190309015e+02
4.814798689640682596e+02 4.745388495100827413e+02 4.763953561040667637e+02
4.814808018933458129e+02 4.745397514302148920e+02 4.763962771039845165e+02
4.814816855667783102e+02 4.745406060279581766e+02 4.763971491321492522e+02
4.814825205800797221e+02 4.745414138323957900e+02 4.763979728310719111e+02
4.814833078133918889e+02 4.745421756527765638e+02 4.763987491181999872e+02
4.814840483819559154e+02 4.745428925302230709e+02 4.763994791376051126e+02
4.814847435922400223e+02 4.745435656950152179e+02 4.764001642172654556e+02
4.814853949032751643e+02 4.745441965287731136e+02 4.764008058312821277e+02
4.814860038925768890e+02 4.745447865311735427e+02 4.764014055666488048e+02
4.814865722262857730e+02 4.745453372907635980e+02 4.764019650941815485e+02
4.814871016330968700e+02 4.745458504594245142e+02 4.764024861431015552e+02
4.814875938815659993e+02 4.745463277301208791e+02 4.764029704789679727e+02
4.814880507605922162e+02 4.745467708178788939e+02 4.764034198847332959e+02
4.814884740626442863e+02 4.745471814432145266e+02 4.764038361444146972e+02
4.814888655693969781e+02 4.745475613181040444e+02 4.764042210292254822e+02
4.814892270397180027e+02 4.745479121340823099e+02 4.764045762858602870e+02
4.814895601995546031e+02 4.745482355524545142e+02 4.764049036268380632e+02
4.814898667336177596e+02 4.745485331958670940e+02 4.764052047223813133e+02
4.814901482786223710e+02 4.745488066418104154e+02 4.764054811939858496e+02
