4.602539519038306253e+02 4.641560991840711949e+02 4.909155587085791694e+02
4.759199591953083655e+02 4.671947602290785539e+02 4.717959028296293127e+02
4.768109427473240203e+02 4.698432354521760885e+02 4.716894953811495270e+02
4.776001300868909425e+02 4.706525921713456455e+02 4.725945969391536892e+02
4.783993542482423322e+02 4.714144176796857550e+02 4.733965790460950984e+02
4.791594251779590081e+02 4.721452362825274918e+02 4.741529941813844289e+02
4.798805484779061317e+02 4.728395816712565534e+02 4.748694533648334755e+02
4.805636613599728548e+02 4.734979418453945073e+02 4.755469470564339076e+02
4.812095212893119651e+02 4.741209371360836258e+02 4.761864941980571189e+02
4.818189141466498882e+02 4.747092259820218487e+02 4.767890893834562007e+02
4.823926810884402130e+02 4.752635374377120456e+02 4.773557345511404719e+02
4.829317270081336346e+02 4.757846748160981747e+02 4.778874633944020616e+02
4.834370215739662058e+02 4.762735133383725952e+02 4.783853513889848159e+02
4.839095958227670167e+02 4.767309948732113298e+02 4.788505177386279001e+02
4.843505363329046531e+02 4.771581211081728497e+02 4.792841228597922054e+02
4.847609781455806228e+02 4.775559459406985638e+02 4.796873634706135476e+02
4.851420970929290206e+02 4.779255675292579326e+02 4.800614664580995736e+02
4.854951019057023132e+02 4.782681202549312616e+02 4.804076821830573749e+02
4.858212263187485291e+02 4.785847667447390563e+02 4.807272775946369165e+02
4.861217213115922391e+02 4.788766900585707731e+02 4.810215293706277748e+02
4.863978475800121259e+02 4.791450861174195666e+02 4.812917172175056635e+02
4.866508683129594601e+02 4.793911564382875667e+02 4.815391174213735894e+02
4.868820423367080252e+02 4.796161012334464999e+02 4.817649967179323767e+02
4.870926176791898570e+02 4.798211129251883449e+02 4.819706065358835758e+02
4.872838255994024053e+02 4.800073701202933876e+02 4.821571776582744633e+02
4.874568751184758071e+02 4.801760320806918116e+02 4.823259153376563404e+02
4.876129480802461558e+02 4.803282337183046025e+02 4.824779948924980886e+02
4.877531947600862736e+02 4.804650811330811280e+02 4.826145578037805421e+02
4.878787300316151914e+02 4.805876477041856560e+02 4.827367083221926123e+02
4.879906300920462741e+02 4.806969707354718935e+02 4.828455105880664178e+02
4.880899297386217199e+02 4.807940486481109588e+02 4.829419862583645227e+02
4.881776201810666862e+02 4.808798387057587433e+02 4.830271126279064333e+02
4.882546473684199668e+02 4.809552552511023578e+02 4.831018212257282585e+02
4.883219108030799589e+02 4.810211684271305330e+02 4.831669968621430371e+02
4.883802628104706400e+02 4.810784033520575917e+02 4.832234770977447056e+02
4.884305082293865894e+02 4.811277397134927583e+02 4.832720521022882281e+02
4.884734044857632398e+02 4.811699117451352663e+02 4.833134648690474364e+02
4.885096620112734627e+02 4.812056085479211447e+02 4.833484117488366110e+02
4.885399449676669974e+02 4.812354747170504083e+02 4.833775432672908892e+02
4.885648722380478262e+02 4.812601112365765061e+02 4.834014651891481549e+02
4.885850186472039809e+02 4.812800766041319207e+02 4.834207397940419355e+02
4.886009163745580963e+02 4.812958881497844459e+02 4.834358873295987564e+02
4.886130565251766029e+02 4.813080235148507313e+02 4.834473876093393869e+02
4.886218908264669949e+02 4.813169222586439560e+02 4.834556817248907237e+02
4.886278334206035083e+02 4.813229875635055350e+02 4.834611738442620208e+02
4.886312627252742118e+02 4.813265880109770478e+02 4.834642330703214270e+02
4.886325233379657220e+02 4.813280594045518797e+02 4.834651953360668699e+02
4.886319279616230347e+02 4.813277066170284684e+02 4.834643653157623362e+02
4.886297593321106660e+02 4.813258054430308448e+02 4.834620183334494072e+02
4.886262721303937155e+02 4.813226044397237615e+02 4.834584022527085949e+02
4.886216948647424942e+02 4.813183267410945518e+02 4.834537393338038100e+02
4.886162317105062129e+02 4.813131718333842741e+02 4.834482280464774249e+02
4.886100642970880585e+02 4.813073172813123506e+02 4.834420448286459191e+02
4.886033534336764319e+02 4.813009203966269069e+02 4.834353457830795833e+02
4.885962407670415928e+02 4.812941198422508933e+02 4.834282683058193015e+02
4.885888503662862945e+02 4.812870371668483926e+02 4.834209326415926853e+02
4.885812902308575758e+02 4.812797782660371126e+02 4.834134433628444754e+02
4.885736537193777735e+02 4.812724347677106493e+02 4.834058907701910925e+02
4.885660208979538766e+02 4.812650853400173219e+02 4.833983522131555901e+02
4.885584598075777194e+02 4.812577969214917175e+02 4.833908933309593863e+02
4.885510276510485710e+02 4.812506258736415248e+02 4.833835692139163029e+02
4.885437719005430495e+02 4.812436190569806627e+02 4.833764254866449050e+02
4.885367313275370975e+02 4.812368148320763339e+02 4.833694993148628214e+02
4.885299369572626915e+02 4.812302439876513631e+02 4.833628203379830666e+02
4.885234129502609335e+02 4.812239305981627808e+02 4.833564115300890762e+02
4.885171774138972864e+02 4.812178928135790557e+02 4.833502899921554672e+02
4.885112431469265175e+02 4.812121435843063182e+02 4.833444676785910019e+02
4.885056183203604974e+02 4.812066913243765498e+02 4.833389520613282571e+02
4.885003070979923905e+02 4.812015405161172339e+02 4.833337467347852225e+02
4.884953101999907403e+02 4.811966922595859728e+02 4.833288519650682247e+02
4.884906254129875833e+02 4.811921447700668182e+02 4.833242651867977315e+02
4.884862480500682409e+02 4.811878938269147739e+02 4.833199814509137582e+02
4.884821713640139365e+02 4.811839331769834871e+02 4.833159938267606890e+02
4.884783869170781827e+02 4.811802548958061152e+02 4.833122937616793706e+02
4.884748849104815349e+02 4.811768497096084047e+02 4.833088714012330911e+02
4.884716544766974948e+02 4.811737072811275198e+02 4.833057158730898095e+02
4.884686839374784313e+02 4.811708164620919774e+02 4.833028155374523749e+02
4.884659610304433386e+02 4.811681655150963479e+02 4.833001582068052357e+02
4.884634731069062354e+02 4.811657423074664734e+02 4.832977313376030111e+02
4.884612073034812738e+02 4.811635344795756168e+02 4.832955221963899248e+02
4.884591506898618718e+02 4.811615295899376292e+02 4.832935180026936450e+02
4.884572903950204932e+02 4.811597152392556040e+02 4.832917060508962095e+02
4.884556137139351222e+02 4.811580791754748816e+02 4.832900738131431240e+02
4.884541081968098410e+02 4.811566093817468754e+02 4.832886090252125655e+02
4.884527617226129337e+02 4.811552941490806461e+02 4.832872997571322458e+02
4.884515625586304850e+02 4.811541221353278956e+02 4.832861344701985900e+02
4.884504994075970217e+02 4.811530824120257535e+02 4.832851020619289102e+02
4.884495614438469602e+02 4.811521645004966103e+02 4.832841919003527664e+02
4.884487383398098359e+02 4.811513583984962565e+02 4.832833938489357024e+02
4.884480202840610445e+02 4.811506545985885737e+02 4.832826982833182115e+02
4.884473979920324496e+02 4.811500440993241909e+02 4.832820961009466032e+02
4.884468627103892686e+02 4.811495184102014377e+02 4.832815787245771162e+02
4.884464062159841546e+02 4.811490695512991351e+02 4.832811381005397493e+02
4.884460208102098591e+02 4.811486900483832869e+02 4.832807666925649528e+02
4.884456993094931931e+02 4.811483729242106619e+02 4.832804574718931008e+02
4.884454350325935366e+02 4.811481116866770549e+02 4.832802039043128275e+02
4.884452217852977469e+02 4.811479003143905402e+02 4.832799999347058133e+02
4.884450538430409665e+02 4.811477332401832996e+02 4.832798399696093270e+02
4.884449259319185899e+02 4.811476053330223408e+02 4.832797188582511581e+02
4.884448332085018478e+02 4.811475118787162160e+02 4.832796318724550133e+02
4.884447712388156333e+02 4.811474485597766488e+02 4.832795746857667609e+02
4.884447359767946182e+02 4.811474114347369664e+02 4.832795433521039854e+02
4.884447237424877812e+02 4.811473969171983072e+02 4.832795342841928914e+02
4.884447312002433250e+02 4.811474017548301276e+02 4.832795442320181678e+02
4.884447553370750938e+02 4.811474230085195245e+02 4.832795702614746460e+02
4.884447934413747134e+02 4.811474580318355834e+02 4.832796097333842908e+02
4.884448430821092870e+02 4.811475044509439272e+02 4.832796602830106849e+02
4.884449020886191875e+02 4.811475601450862882e+02 4.832797198001809988e+02
4.884449685311057010e+02 4.811476232277120175e+02 4.832797864101002574e+02
4.884450407018807709e+02 4.811476920283366212e+02 4.832798584549300358e+02
4.884451170974327283e+02 4.811477650751780288e+02 4.832799344761780844e+02
4.888729988651879239e+02 4.812670697300230245e+02 4.833700303782879359e+02
4.891373406339552048e+02 4.815404304813231988e+02 4.836053318176380458e+02
4.893952701167638679e+02 4.817909745979550280e+02 4.838590114749427471e+02
4.896494200809657968e+02 4.820365417851745633e+02 4.841086589453983038e+02
4.898972539044688688e+02 4.822761206378350494e+02 4.843521347467807345e+02
4.901373070927200502e+02 4.825083172083501495e+02 4.845878899394102746e+02
4.903684989843582684e+02 4.827320954990348127e+02 4.848147946079844814e+02
4.905900128211340530e+02 4.829466572672009761e+02 4.850320358087170689e+02
4.908012445672569015e+02 4.831514015021782598e+02 4.852390322370464446e+02
4.910017690477147312e+02 4.833458977017507436e+02 4.854353863798070847e+02
4.911913149656930386e+02 4.835298642443727317e+02 4.856208538906594185e+02
4.913697445822774057e+02 4.837031497797651696e+02 4.857953210682806002e+02
4.915370361414256877e+02 4.838657166366119213e+02 4.859587865523592427e+02
4.916932681732983497e+02 4.840176257688357850e+02 4.861113455244866373e+02
4.918386052641300239e+02 4.841590229970460086e+02 4.862531756390745272e+02
4.919732850800875212e+02 4.842901264065127407e+02 4.863845243158713174e+02
4.920976065214255755e+02 4.844112148114414822e+02 4.865056972027204552e+02
4.922119189240625019e+02 4.845226172188505416e+02 4.866170476954866331e+02
4.923166122451964384e+02 4.846247032374275250e+02 4.867189674375819664e+02
4.924121081792840755e+02 4.847178743831784686e+02 4.868118777382192093e+02
4.924988521556678052e+02 4.848025562371514070e+02 4.868962218566948081e+02
4.925773061716328698e+02 4.848791914122511457e+02 4.869724581041419924e+02
4.926479424158380311e+02 4.849482332868870458e+02 4.870410537163099889e+02
4.927112376374819860e+02 4.850101404633182369e+02 4.871024794519917691e+02
4.927676682166128899e+02 4.850653719083723558e+02 4.871572048722575801e+02
4.928177058908868844e+02 4.851143827339254244e+02 4.872056942559362369e+02
4.928618140940188823e+02 4.851576205742929915e+02 4.872484031070345054e+02
4.929004448612449210e+02 4.851955225176045587e+02 4.872857752101066922e+02
4.929340362574115488e+02 4.852285125483890056e+02 4.873182401900778586e+02
4.929630102838692096e+02 4.852569994590282363e+02 4.873462115337271143e+02
4.929877712211980452e+02 4.852813751884604017e+02 4.873700850309832049e+02
4.930087043659203800e+02 4.853020135475317716e+02 4.873902375953784372e+02
4.930261751207619341e+02 4.853192692916882720e+02 4.874070264244384703e+02
4.930405283996652201e+02 4.853334775032405446e+02 4.874207884624280496e+02
4.930520883106082124e+02 4.853449532471900625e+02 4.874318401297109631e+02
4.930611580813114188e+02 4.853539914665410606e+02 4.874404772849634355e+02
4.930680201950621608e+02 4.853608670850817930e+02 4.874469753885875321e+02
4.930729367061276207e+02 4.853658352877865809e+02 4.874515898378490419e+02
4.930761497065252001e+02 4.853691319512043378e+02 4.874545564464945073e+02
4.930778819182211805e+02 4.853709741984344532e+02 4.874560920438369749e+02
4.930783373871235540e+02 4.853715610555227613e+02 4.874563951705250133e+02
4.930777022574827697e+02 4.853710741882896968e+02 4.874556468503777751e+02
4.930761456074924922e+02 4.853696787007327771e+02 4.874540114197849903e+02
4.930738203289758985e+02 4.853675239781798609e+02 4.874516373981898596e+02
4.930708640360334698e+02 4.853647445603189112e+02 4.874486583850999750e+02
4.930673999894081021e+02 4.853614610310593207e+02 4.874451939708840200e+02
4.930635380250740809e+02 4.853577809138995462e+02 4.874413506503132112e+02
4.930593754771907129e+02 4.853537995630663886e+02 4.874372227293748665e+02
4.930549980870603690e+02 4.853496010421655456e+02 4.874328932173450539e+02
4.930504808911041437e+02 4.853452589834236619e+02 4.874284346974232562e+02
4.930458890821165028e+02 4.853408374218269614e+02 4.874239101704490622e+02
4.930412788391826666e+02 4.853363915995643083e+02 4.874193738672963150e+02
4.930366981226529219e+02 4.853319687371692339e+02 4.874148720265203565e+02
4.930321874314595902e+02 4.853276087686369920e+02 4.874104436346955822e+02
4.930277805208560267e+02 4.853233450385660603e+02 4.874061211276413701e+02
4.930235050793453411e+02 4.853192049600568794e+02 4.874019310514063932e+02
4.930193833641697552e+02 4.853152106326876947e+02 4.873978946824540230e+02
4.930154327952432141e+02 4.853113794203986799e+02 4.873940286069930039e+02
4.930116665078537039e+02 4.853077244895451372e+02 4.873903452598182184e+02
4.930080938648253550e+02 4.853042553077482921e+02 4.873868534233805008e+02
4.930047209291398076e+02 4.853009781044702322e+02 4.873835586880978212e+02
4.930015508982614278e+02 4.852978962944897035e+02 4.873804638751585117e+02
4.929985845016101962e+02 4.852950108656475550e+02 4.873775694232555225e+02
4.929958203627798525e+02 4.852923207323900670e+02 4.873748737408370744e+02
4.929932553282073400e+02 4.852898230567396922e+02 4.873723735255623524e+02
4.929908847640830345e+02 4.852875135384172722e+02 4.873700640527293899e+02
4.929887028233342789e+02 4.852853866758753156e+02 4.873679394344809452e+02
4.929867026845401483e+02 4.852834360000342144e+02 4.873659928516167383e+02
4.929848767646329293e+02 4.852816542825123065e+02 4.873642167598349602e+02
4.929832169072232091e+02 4.852800337201263119e+02 4.873626030722092537e+02
4.929817145483515333e+02 4.852785660974028588e+02 4.873611433196666667e+02
4.929803608614202517e+02 4.852772429288021385e+02 4.873598287911869988e+02
4.929791468830025565e+02 4.852760555822957826e+02 4.873586506553864979e+02
4.929780636211603451e+02 4.852749953858817662e+02 4.873576000650800779e+02
4.929771021478260877e+02 4.852740537185459289e+02 4.873566682463473398e+02
4.929762536767325969e+02 4.852732220871084223e+02 4.873558465735490017e+02
4.929755096282885347e+02 4.852724921903171094e+02 4.873551266316633246e+02
4.929748616827223486e+02 4.852718559714680850e+02 4.873545002672297528e+02
4.929743018227260904e+02 4.852713056607560134e+02 4.873539596291073508e+02
4.929738223667582133e+02 4.852708338084789830e+02 4.873534972001729670e+02
4.929734159940730365e+02 4.852704333101380598e+02 4.873531058210047604e+02
4.929730757624736270e+02 4.852700974244031045e+02 4.873527787065190182e+02
4.929727951197015159e+02 4.852698197848332597e+02 4.873525094564536744e+02
4.929725679093045869e+02 4.852695944061748605e+02 4.873522920605129798e+02
4.929723883717506396e+02 4.852694156859828354e+02 4.873521208989257048e+02
4.929722511414901760e+02 4.852692784022540877e+02 4.873519907390956405e+02
4.929721512405991461e+02 4.852691777076884705e+02 4.873518967289611510e+02
4.929720840695777611e+02 4.852691091211392518e+02 4.873518343876232848e+02
4.929720453958214534e+02 4.852690685167595461e+02 4.873517995937406226e+02
4.929720313402218039e+02 4.852690521112897386e+02 4.873517885721383323e+02
4.929720383623117641e+02 4.852690564498954018e+02 4.873517978790325742e+02
4.929720632443161890e+02 4.852690783909055199e+02 4.873518243862174586e+02
4.929721030744273662e+02 4.852691150897662737e+02 4.873518652645272482e+02
4.929721552295852689e+02 4.852691639824864751e+02 4.873519179668440984e+02
4.929722173580067874e+02 4.852692227688103230e+02 4.873519802108838235e+02
4.929722873616682932e+02 4.852692893953233693e+02 4.873520499619619955e+02
4.929723633789247401e+02 4.852693620386677935e+02 4.873521254159132923e+02
4.929724437674115620e+02 4.852694390890146678e+02 4.873522049823061479e+02
4.929725270873555587e+02 4.852695191339155372e+02 4.873522872680746332e+02
4.929726120853968609e+02 4.852696009426354067e+02 4.873523710616635753e+02
4.924960348626726159e+02 4.843154726074720884e+02 4.866900209035105718e+02
4.918300145142962947e+02 4.836783542097148256e+02 4.860187649382413042e+02
4.911510147137279318e+02 4.830218607241323525e+02 4.853587421339221351e+02
4.904806718150043139e+02 4.823731923947042901e+02 4.847029550810651131e+02
4.898253216073025555e+02 4.817392990817887721e+02 4.840604453332305184e+02
4.891895689069354489e+02 4.811242850445113959e+02 4.834367410953146305e+02
4.885767127245370034e+02 4.805312490615706338e+02 4.828353996841481148e+02
4.879890978837998432e+02 4.799624579334727059e+02 4.822588308893818407e+02
4.874283332559357973e+02 4.794194933398819103e+02 4.817086441973170281e+02
4.868954346195265543e+02 4.789033689104329596e+02 4.811858390053573657e+02
4.863909319649196732e+02 4.784146266321140502e+02 4.806909290845976557e+02
4.859149566569644207e+02 4.779534189018601182e+02 4.802240352855569085e+02
4.854673148521072221e+02 4.775195791976821624e+02 4.797849601102053043e+02
4.850475502014360814e+02 4.771126830643233916e+02 4.793732499697032381e+02
4.846549975672264168e+02 4.767321006087960313e+02 4.789882479383006739e+02
4.842888289525332084e+02 4.763770414847577399e+02 4.786291386231685010e+02
4.839480926066951270e+02 4.760465932311420261e+02 4.782949862717968585e+02
4.836317461408964391e+02 4.757397537516525858e+02 4.779847670054220430e+02
4.833386843986647250e+02 4.754554586534586633e+02 4.776973959356153046e+02
4.830677627516031976e+02 4.751926040982167478e+02 4.774317498297710927e+02
4.828178164225344062e+02 4.749500657549968423e+02 4.771866859166669883e+02
4.825876763743189599e+02 4.747267143833261684e+02 4.769610573573039574e+02
4.823761822426899926e+02 4.745214285162562078e+02 4.767537258461439365e+02
4.821821927357859181e+02 4.743331046588721733e+02 4.765635717528701321e+02
4.820045938719445644e+02 4.741606653674671179e+02 4.763895021647053341e+02
4.818423053808658096e+02 4.740030655289021979e+02 4.762304571440362793e+02
4.816942855514098483e+02 4.738592971184874614e+02 4.760854144754626418e+02
4.815595347719246320e+02 4.737283926779012972e+02 4.759533931401794007e+02
4.814370979758109570e+02 4.736094277219760329e+02 4.758334557235332909e+02
4.813260661757531125e+02 4.735015222543267441e+02 4.757247099333314395e+02
4.812255772443069191e+02 4.734038415464523268e+02 4.756263093816729679e+02
4.811348160760283008e+02 4.733155963127714472e+02 4.755374537613915891e+02
4.810530142466867574e+02 4.732360423947235404e+02 4.754573885292870159e+02
4.809794492680450162e+02 4.731644800502854764e+02 4.753854041918833673e+02
4.809134435218816179e+02 4.731002529306932161e+02 4.753208352751995562e+02
4.808543629441331291e+02 4.730427468135907816e+02 4.752630590476593966e+02
4.808016155189804408e+02 4.729913881509795601e+02 4.752114940546115918e+02
4.807546496331823960e+02 4.729456424810046542e+02 4.751655985137147695e+02
4.807129523327756715e+02 4.729050127446024590e+02 4.751248686125256313e+02
4.806760475172331439e+02 4.728690375411553077e+02 4.750888367428017318e+02
4.806434941001517700e+02 4.728372893514168709e+02 4.750570697001837743e+02
4.806148841603977075e+02 4.728093727509509563e+02 4.750291668729030903e+02
4.805898411032391664e+02 4.727849226330388888e+02 4.750047584388697146e+02
4.805680178472575790e+02 4.727636024563678347e+02 4.749835035868297837e+02
4.805490950496461551e+02 4.727451025297213505e+02 4.749650887741626661e+02
4.805327793798083462e+02 4.727291383432667544e+02 4.749492260312280223e+02
4.805188018488883017e+02 4.727154489538286271e+02 4.749356513199284677e+02
4.805069162009434649e+02 4.727037954296679914e+02 4.749241229522473873e+02
4.804968973698523200e+02 4.726939593587246122e+02 4.749144200729220984e+02
4.804885400047010080e+02 4.726857414229717165e+02 4.749063412090664542e+02
4.804816570652651535e+02 4.726789600404449629e+02 4.748997028884372185e+02
4.804760784882707298e+02 4.726734500756048192e+02 4.748943383271039238e+02
4.804716499243506860e+02 4.726690616179515132e+02 4.748900961865156205e+02
4.804682315449873045e+02 4.726656588282090183e+02 4.748868393993278119e+02
4.804656969182247508e+02 4.726631188509039703e+02 4.748844440628433290e+02
4.804639319515322882e+02 4.726613307917796760e+02 4.748827983985144101e+02
4.804628338998798540e+02 4.726601947581751801e+02 4.748818017756295262e+02
4.804623104368470763e+02 4.726596209602704448e+02 4.748813637970650916e+02
4.804622787864024644e+02 4.726595288709200986e+02 4.748814034447930794e+02
4.804626649128659892e+02 4.726598464416766205e+02 4.748818482827064713e+02
4.804634027664754399e+02 4.726605093725216307e+02 4.748826337142358511e+02
4.804644335819380103e+02 4.726614604327777442e+02 4.748837022921780999e+02
4.804657052273257136e+02 4.726626488306569627e+02 4.748850030781409828e+02
4.804671716006836277e+02 4.726640296289107255e+02 4.748864910490103171e+02
4.804687920717486236e+02 4.726655632040717023e+02 4.748881265478777323e+02
4.804705309662239756e+02 4.726672147468262324e+02 4.748898747769054012e+02
4.804723570901127800e+02 4.726689538011090121e+02 4.748917053296686959e+02
4.804742432916854682e+02 4.726707538395832557e+02 4.748935917605816712e+02
4.804761660587352026e+02 4.726725918732421974e+02 4.748955111890894614e+02
4.804781051488609478e+02 4.726744480929542078e+02 4.748974439363980196e+02
4.804800432506063430e+02 4.726763055408536616e+02 4.748993731925963289e+02
4.804819656733787383e+02 4.726781498095774054e+02 4.749012847121211962e+02
4.804838600641644462e+02 4.726799687674307506e+02 4.749031665356074541e+02
4.804857161491528927e+02 4.726817523076621228e+02 4.749050087362618342e+02
4.804875254984802382e+02 4.726834921201175348e+02 4.749068031889897270e+02
4.804892813123950646e+02 4.726851814836383596e+02 4.749085433606053925e+02
4.804909782272421808e+02 4.726868150776502375e+02 4.749102241195396346e+02
4.804926121397537599e+02 4.726883888114865613e+02 4.749118415635560382e+02
4.804941800482259850e+02 4.726898996700696216e+02 4.749133928640708859e+02
4.804956799092430515e+02 4.726913455746598061e+02 4.749148761257613387e+02
4.804971105086958687e+02 4.726927252574587328e+02 4.749162902602234908e+02
4.804984713459242585e+02 4.726940381489361016e+02 4.749176348725275147e+02
4.804997625298859703e+02 4.726952842768179153e+02 4.749189101595869715e+02
4.805009846863307530e+02 4.726964641757496111e+02 4.749201168193395688e+02
4.805021388750276401e+02 4.726975788067122721e+02 4.749212559697983238e+02
4.805032265161627265e+02 4.726986294853367667e+02 4.749223290771042798e+02
4.805042493250839470e+02 4.726996178183201209e+02 4.749233378917721211e+02
4.805052092546343374e+02 4.727005456472099922e+02 4.749242843923797750e+02
4.805061084443677260e+02 4.727014149988719396e+02 4.749251707360093064e+02
4.805069491759987841e+02 4.727022280420129050e+02 4.749259992147989351e+02
4.805077338344863733e+02 4.727029870491783754e+02 4.749267722180181863e+02
4.805084648741981255e+02 4.727036943636886122e+02 4.749274921991204792e+02
4.805091447896492127e+02 4.727043523710212867e+02 4.749281616472762835e+02
4.805097760903474864e+02 4.727049634741891850e+02 4.749287830629280620e+02
4.805103612793200796e+02 4.727055300726977976e+02 4.749293589369463007e+02
4.805109028349286291e+02 4.727060545447051823e+02 4.749298917330047516e+02
4.805114031956171061e+02 4.727065392320365618e+02 4.749303838728219489e+02
4.805118647472667135e+02 4.727069864277372062e+02 4.749308377239515835e+02
4.805122898128599900e+02 4.727073983658776228e+02 4.749312555898284245e+02
4.805126806441869007e+02 4.727077772133476401e+02 4.749316397018083649e+02
4.808358812137865357e+02 4.734730950609918523e+02 4.753819492479467499e+02
4.813106107561651470e+02 4.739267370908092403e+02 4.758671353843967040e+02
4.817997804112550284e+02 4.743982966597235418e+02 4.763437551126046969e+02
4.822852387672963914e+02 4.748666300057390117e+02 4.768209444410819629e+02
4.827622787878359532e+02 4.753263908860660081e+02 4.772916603595229503e+02
4.832275384554973812e+02 4.757747523041938393e+02 4.777513470963617124e+02
4.836786514378710535e+02 4.762096270546526853e+02 4.781971142651559035e+02
4.841139236034971418e+02 4.766294579704351122e+02 4.786270352366024667e+02
4.845321278919969927e+02 4.770330806658336087e+02 4.790397988005376533e+02
4.849323849386844358e+02 4.774196374522554152e+02 4.794345151814519568e+02
4.853140896088537488e+02 4.777885216775425192e+02 4.798106035084786640e+02
4.856768623749591711e+02 4.781393387431372730e+02 4.801677230470031077e+02
4.860205144353707851e+02 4.784718765412661128e+02 4.805057280646502704e+02
4.863450206993031770e+02 4.787860814774028881e+02 4.808246356983381133e+02
4.866504975231856633e+02 4.790820380332913260e+02 4.811246012259052236e+02
4.869371835336942809e+02 4.793599507630090102e+02 4.814058977936604720e+02
4.872054226319392001e+02 4.796201281058141603e+02 4.816688990342582883e+02
4.874556486718113320e+02 4.798629676592509554e+02 4.819140637291515645e+02
4.876883715166528077e+02 4.800889426958685249e+02 4.821419220449793102e+02
4.879041642923559152e+02 4.802985897844218357e+02 4.823530630702423991e+02
4.881036517181501040e+02 4.804924974209682773e+02 4.825481234837719740e+02
4.882874994324328100e+02 4.806712956017726697e+02 4.827277772439894079e+02
4.884564042522271734e+02 4.808356462861199816e+02 4.828927262203251871e+02
4.886110853174840258e+02 4.809862347069969815e+02 4.830436917068782918e+02
4.887522760788610867e+02 4.811237614934274234e+02 4.831814067693686638e+02
4.888807170916910536e+02 4.812489355713127566e+02 4.833066093827863483e+02
4.889971495807326960e+02 4.813624678108483295e+02 4.834200363206249449e+02
4.891023097407466480e+02 4.814650653885273073e+02 4.835224177582315406e+02
4.891969237374670456e+02 4.815574268309085824e+02 4.836144725532874418e+02
4.892817033725652323e+02 4.816402377060416029e+02 4.836969041662192126e+02
4.893573423750033271e+02 4.817141669269944373e+02 4.837703971827584155e+02
4.894245132799939597e+02 4.817798636305400350e+02 4.838356144001793950e+02
4.894838648557676493e+02 4.818379545928638095e+02 4.838931944381201333e+02
4.895360200376267130e+02 4.818890421432724906e+02 4.839437498344605615e+02
4.895815743283987445e+02 4.819337025363802809e+02 4.839878655865835526e+02
4.896210946244218007e+02 4.819724847431479589e+02 4.840260980985200376e+02
4.896551184266254495e+02 4.820059096214614556e+02 4.840589744949922988e+02
4.896841533970741125e+02 4.820344694276441828e+02 4.840869922642308438e+02
4.897086772225093227e+02 4.820586276313622420e+02 4.841106191926079418e+02
4.897291377478987897e+02 4.820788189977735669e+02 4.841302935555878548e+02
4.897459533447477611e+02 4.820954499024259121e+02 4.841464245311901209e+02
4.897595134808773309e+02 4.821088988462861948e+02 4.841593928040506967e+02
4.897701794604959105e+02 4.821195171403273889e+02 4.841695513302102540e+02
4.897782853056145882e+02 4.821276297312565475e+02 4.841772262348990807e+02
4.897841387521514207e+02 4.821335361421928383e+02 4.841827178177927635e+02
4.897880223363853247e+02 4.821375115043649657e+02 4.841863016424358648e+02
4.897901945497200131e+02 4.821398076581338046e+02 4.841882296887412167e+02
4.897908910419758399e+02 4.821406543038557970e+02 4.841887315496352926e+02
4.897903258556060564e+02 4.821402601852286125e+02 4.841880156550180914e+02
4.897886926753255352e+02 4.821388142898122737e+02 4.841862705082097591e+02
4.897861660796183969e+02 4.821364870533500380e+02 4.841836659219577541e+02
4.897829027824455466e+02 4.821334315563378254e+02 4.841803542428625633e+02
4.897790428552031585e+02 4.821297847029813965e+02 4.841764715547387823e+02
4.897747109205743641e+02 4.821256683742464020e+02 4.841721388529626324e+02
4.897700173113763071e+02 4.821211905481375766e+02 4.841674631832527211e+02
4.897650591888265126e+02 4.821164463816421630e+02 4.841625387396110796e+02
4.897599216158459399e+02 4.821115192499448199e+02 4.841574479172907672e+02
4.897546785820821356e+02 4.821064817395723026e+02 4.841522623176856541e+02
4.897493939782789880e+02 4.821013965930512768e+02 4.841470437029425398e+02
4.897441225184546170e+02 4.820963176034864546e+02 4.841418448988984551e+02
4.897389106090695350e+02 4.820912904581765588e+02 4.841367106456374927e+02
4.897337971649933479e+02 4.820863535310032262e+02 4.841316783955664391e+02
4.897288143726165686e+02 4.820815386238576252e+02 4.841267790594158669e+02
4.897239884008990316e+02 4.820768716578139674e+02 4.841220377010112657e+02
4.897193400615282712e+02 4.820723733151314718e+02 4.841174741820135523e+02
4.897148854196634034e+02 4.820680596334718757e+02 4.841131037581264991e+02
4.897106363569912446e+02 4.820639425539655463e+02 4.841089376284960508e+02
4.897066010890091547e+02 4.820600304249481383e+02 4.841049834402199963e+02
4.897027846385988141e+02 4.820563284633414014e+02 4.841012457500115715e+02
4.896991892680499632e+02 4.820528391757451914e+02 4.840977264451636870e+02
4.896958148717674248e+02 4.820495627413874900e+02 4.840944251260161195e+02
4.896926593319216749e+02 4.820464973591040234e+02 4.840913394521627993e+02
4.896897188393128886e+02 4.820436395605379971e+02 4.840884654546326828e+02
4.896869881817039527e+02 4.820409844917313649e+02 4.840857978162676432e+02
4.896844610018395088e+02 4.820385261652511417e+02 4.840833301224780030e+02
4.896821300273186353e+02 4.820362576849459515e+02 4.840810550845052376e+02
4.896799872744257414e+02 4.820341714453650184e+02 4.840789647372596392e+02
4.896780242279468780e+02 4.820322593078060436e+02 4.840770506137225766e+02
4.896762319989195476e+02 4.820305127548744508e+02 4.840753038978231189e+02
4.896746014621734275e+02 4.820289230253579831e+02 4.840737155576111945e+02
4.896731233754294408e+02 4.820274812311266146e+02 4.840722764604570898e+02
4.896717884816266633e+02 4.820261784576808282e+02 4.840709774719136931e+02
4.896705875960528829e+02 4.820250058498742192e+02 4.840698095397828524e+02
4.896695116797573633e+02 4.820239546842495315e+02 4.840687637648327950e+02
4.896685519006277900e+02 4.820230164293282087e+02 4.840678314595170377e+02
4.896676996834202100e+02 4.820221827951071418e+02 4.840670041959556329e+02
4.896669467499394273e+02 4.820214457729272226e+02 4.840662738443480748e+02
4.896662851504775631e+02 4.820207976667897469e+02 4.840656326028994272e+02
4.896657072875305516e+02 4.820202311171157135e+02 4.840650730202556815e+02
4.896652059327360575e+02 4.820197391178627413e+02 4.840645880113667658e+02
4.896647742378886505e+02 4.820193150278378766e+02 4.840641708676160420e+02
4.896644057408231561e+02 4.820189525769720831e+02 4.840638152619824268e+02
4.896640943668760997e+02 4.820186458682532020e+02 4.840635152499304468e+02
4.896638344265787737e+02 4.820183893759506191e+02 4.840632652666625972e+02
4.896636206101645143e+02 4.820181779407037084e+02 4.840630601213016462e+02
4.896634479794184358e+02 4.820180067619860438e+02 4.840628949885173711e+02
4.896633119573423869e+02 4.820178713884124022e+02 4.840627653980563991e+02
4.896632083160568527e+02 4.820177677062937960e+02 4.840626672225852190e+02
4.896631331633136597e+02 4.820176919268134839e+02 4.840625966642099343e+02
4.896630829279532122e+02 4.820176405721445576e+02 4.840625502399953461e+02
4.890459061152052413e+02 4.818907123224244629e+02 4.837791173013639536e+02
4.886100892402956219e+02 4.814509242089417285e+02 4.833913245609898013e+02
4.881843867124076723e+02 4.810370725809600572e+02 4.829743223430220951e+02
4.877643634316067960e+02 4.806310634596347882e+02 4.825619670204027898e+02
4.873542781600872900e+02 4.802347103415766014e+02 4.821589061591746486e+02
4.869567072689144993e+02 4.798503779797763400e+02 4.817679859280904680e+02
4.865734672283090276e+02 4.794797830861020316e+02 4.813911601002319571e+02
4.862058591255950546e+02 4.791241816996686111e+02 4.810297640375862329e+02
4.858547826062159629e+02 4.787844575327973189e+02 4.806846941059135361e+02
4.855208119796920982e+02 4.784611840702962127e+02 4.803565102813262229e+02
4.852042530841524126e+02 4.781546750680898867e+02 4.800455032267415731e+02
4.849051891767710458e+02 4.778650273242208755e+02 4.797517438774480070e+02
4.846235195818166517e+02 4.775921576120301779e+02 4.794751231213958249e+02
4.843589928819998249e+02 4.773358347990489960e+02 4.792153849616714183e+02
4.841112356253193525e+02 4.770957077989598361e+02 4.789721548033105023e+02
4.838797771713693123e+02 4.768713298384615200e+02 4.787449637674722567e+02
4.836640711439310394e+02 4.766621794410787061e+02 4.785332696137556923e+02
4.834635138777897509e+02 4.764676784842799293e+02 4.783364747023654786e+02
4.832774602006514328e+02 4.762872076537553880e+02 4.781539413508688199e+02
4.831052368568865063e+02 4.761201195911403943e+02 4.779850048935134055e+02
4.829461538510961418e+02 4.759657500058838195e+02 4.778289847172010241e+02
4.827995139633937924e+02 4.758234269974828408e+02 4.776851935202359982e+02
4.826646206638852732e+02 4.756924788108418625e+02 4.775529450151192350e+02
4.825407846308970079e+02 4.755722402252110328e+02 4.774315602739208089e+02
4.824273290560664122e+02 4.754620577561905748e+02 4.773203728937809274e+02
4.823235938995230185e+02 4.753612938307841773e+02 4.772187331407552051e+02
4.822289392400822976e+02 4.752693300775135299e+02 4.771260112124954276e+02
4.821427478486676819e+02 4.751855698571807238e+02 4.770415997440935598e+02
4.820644270980062629e+02 4.751094401449701081e+02 4.769649156667742318e+02
4.819934103079642682e+02 4.750403928611343076e+02 4.768954015159112032e+02
4.819291576136071740e+02 4.749779057354475640e+02 4.768325262729877636e+02
4.818711564320930165e+02 4.749214827798347187e+02 4.767757858155223971e+02
4.818189215947287494e+02 4.748706544339883635e+02 4.767247030395352567e+02
4.817719952018435947e+02 4.748249774402779053e+02 4.766788277107418139e+02
4.817299462504536791e+02 4.747840344967281112e+02 4.766377360932270904e+02
4.816923700779079240e+02 4.747474337302024878e+02 4.766010303977858484e+02
4.816588876587366599e+02 4.747148080260834604e+02 4.765683380863201819e+02
4.816291447866733506e+02 4.746858142456091514e+02 4.765393110635901621e+02
4.816028111692153857e+02 4.746601323575254128e+02 4.765136247831317178e+02
4.815795794580595270e+02 4.746374645067812139e+02 4.764909772902332179e+02
4.815591642352233066e+02 4.746175340395511739e+02 4.764710882214244521e+02
4.815413009715924773e+02 4.746000845008802571e+02 4.764536977769275268e+02
4.815257449719562146e+02 4.745848786186364805e+02 4.764385656799043431e+02
4.815122703182653936e+02 4.745716972851878950e+02 4.764254701340527731e+02
4.815006688208321179e+02 4.745603385462662800e+02 4.764142067891258421e+02
4.814907489854390406e+02 4.745506166047704255e+02 4.764045877222273475e+02
4.814823350028207187e+02 4.745423608458025910e+02 4.763964404412578801e+02
4.814752657656687234e+02 4.745354148879633271e+02 4.763896069155964597e+02
4.814693939172063892e+02 4.745296356648421465e+02 4.763839426380050099e+02
4.814645849344050816e+02 4.745248925397153243e+02 4.763793157207927607e+02
4.814607162481051432e+02 4.745210664556600477e+02 4.763756060284691216e+02
4.814576764015994854e+02 4.745180491226220738e+02 4.763727043484236106e+02
4.814553642486505396e+02 4.745157422423967546e+02 4.763705116005870650e+02
4.814536881914087871e+02 4.745140567720001172e+02 4.763689380865317844e+02
4.814525654582863012e+02 4.745129122255023617e+02 4.763679027780596584e+02
4.814519214214866452e+02 4.745122360140546789e+02 4.763673326449766137e+02
4.814516889536095618e+02 4.745119628235643745e+02 4.763671620214739164e+02
4.814518078225102613e+02 4.745120340292442052e+02 4.763673320102977868e+02
4.814522241234085982e+02 4.745123971460790813e+02 4.763677899237104043e+02
4.814528897470906941e+02 4.745130053141057260e+02 4.763684887600911111e+02
4.814537618829329517e+02 4.745138168172913424e+02 4.763693867149169137e+02
4.814548025553921207e+02 4.745147946347126435e+02 4.763704467247757748e+02
4.814559781925435118e+02 4.745159060226745851e+02 4.763716360430063901e+02
4.814572592252101231e+02 4.745171221263727830e+02 4.763729258455206264e+02
4.814586197152064528e+02 4.745184176196776775e+02 4.763742908653429708e+02
4.814600370112128758e+02 4.745197703716181081e+02 4.763757090543967934e+02
4.814614914308027664e+02 4.745211611381408829e+02 4.763771612710772274e+02
4.814629659671673494e+02 4.745225732777456642e+02 4.763786309921634370e+02
4.814644460191042867e+02 4.745239924896171715e+02 4.763801040476577100e+02
4.814659191428737017e+02 4.745254065729065474e+02 4.763815683771645126e+02
4.814673748245652405e+02 4.745268052058576131e+02 4.763830138064708422e+02
4.814688042716618952e+02 4.745281797435092130e+02 4.763844318430279259e+02
4.814702002225387218e+02 4.745295230327588456e+02 4.763858154890861556e+02
4.814715567726809695e+02 4.745308292436109809e+02 4.763871590712823831e+02
4.814728692164605945e+02 4.745320937154961030e+02 4.763884580855347508e+02
4.814741339033658960e+02 4.745333128175860224e+02 4.763897090561503092e+02
4.814753481076276103e+02 4.745344838220918859e+02 4.763909094081061539e+02
4.814765099102463637e+02 4.745356047895779170e+02 4.763920573515186447e+02
4.814776180924728806e+02 4.745366744653793489e+02 4.763931517773694395e+02
4.814786720398507782e+02 4.745376921862599033e+02 4.763941921636049415e+02
4.814796716559816332e+02 4.745386577964991375e+02 4.763951784907853266e+02
4.814806172852210011e+02 4.745395715726432400e+02 4.763961111665033741e+02
4.814815096435673354e+02 4.745404341562055492e+02 4.763969909578417514e+02
4.814823497570497466e+02 4.745412464936457013e+02 4.763978189311900451e+02
4.814831389069670422e+02 4.745420097829986048e+02 4.763985963987813648e+02
4.814838785813757340e+02 4.745427254265740089e+02 4.763993248713576349e+02
4.814845704322659685e+02 4.745433949891788075e+02 4.764000060164080423e+02
4.814852162379023639e+02 4.745440201613591285e+02 4.764006416214715500e+02
4.814858178698497113e+02 4.745446027271951266e+02 4.764012335620264480e+02
4.814863772642332265e+02 4.745451445362123764e+02 4.764017837735269723e+02
4.814868963968235107e+02 4.745456474790130983e+02 4.764022942271839725e+02
4.814873772615625285e+02 4.745461134662551785e+02 4.764027669091125858e+02
4.814878218521837994e+02 4.745465444106416157e+02 4.764032038025055726e+02
4.814882321466020585e+02 4.745469422116066198e+02 4.764036068725142172e+02
4.814886100937796982e+02 4.745473087424135770e+02 4.764039780535500199e+02
4.814889576027978251e+02 4.745476458394007864e+02 4.764043192387391059e+02
4.814892765338881873e+02 4.745479552931391822e+02 4.764046322712910069e+02
4.814895686911978601e+02 4.745482388412784758e+02 4.764049189375572837e+02
4.814898358170848383e+02 4.745484981628886771e+02 4.764051809615838238e+02
