3.024002949449668409e-01
2.660487877046432970e-01
2.270928607166647351e-01
1.902885626726841528e-01
1.547734013945091802e-01
1.224277149686069793e-01
9.269782914528192086e-02
6.583039801501616717e-02
4.062842422085781446e-02
2.009445394013711916e-02
5.100181008442197100e-03
4.955798133952633681e-03
1.063531581217709229e-02
1.338364709067096578e-02
1.428362663483006244e-02
1.386946295163216450e-02
1.294136146434215692e-02
1.179158858569197450e-02
1.073199721864508821e-02
1.051763205063939097e-02
1.033143898746521905e-02
1.021298961934221511e-02
9.882423674878874562e-03
9.460239602628263758e-03
8.825562593810296411e-03
8.044755772334833896e-03
7.152280994520888828e-03
6.161169334006413000e-03
5.134428837363542129e-03
4.104636566580230697e-03
3.172210498487993465e-03
2.290807521767216411e-03
1.504257511932394860e-03
8.001765314843186771e-04
3.036293128482623000e-04
5.967543121444036534e-04
1.137871941319762740e-03
1.629593605612782506e-03
2.051210068637522674e-03
2.401765890778604674e-03
2.702107668978721410e-03
2.952475351561038505e-03
3.167188529278633542e-03
3.351723787296295026e-03
3.500718697187456957e-03
3.608703903520400855e-03
3.687327473401641464e-03
3.744454277528009179e-03
3.783962198671178556e-03
3.807679472731088227e-03
3.817061403008070557e-03
3.816816953100378353e-03
3.809100558741329405e-03
3.797580505374879584e-03
3.783985054539275132e-03
3.769909579798235138e-03
3.755216416141165820e-03
3.740352738246200889e-03
3.726330378831590583e-03
3.713529696445860319e-03
3.702010344583347469e-03
3.691519770972680539e-03
3.682215814128287322e-03
3.673913435159529509e-03
3.666578406362178914e-03
3.660128161326838079e-03
3.654590446657153199e-03
3.649893628168545366e-03
3.645902020606173362e-03
3.642548969503123409e-03
3.639800283293469305e-03
3.637587672255868012e-03
3.635804059232499840e-03
3.634410682518163759e-03
3.633337411678890135e-03
3.632524402830461085e-03
3.631942383131283626e-03
3.631521430854156140e-03
3.631240833304622342e-03
3.631055196716360001e-03
3.630951695118466577e-03
3.630903141752737581e-03
3.630895147071173251e-03
3.630931372160440488e-03
3.630982240708912918e-03
3.631055323665297475e-03
3.631128580839756460e-03
3.631193393827380437e-03
2.339363204120082362e-01
2.230558260745633126e-01
2.131866061467098117e-01
1.857565996634807648e-01
1.574632810929507687e-01
1.332710774531460640e-01
1.118549403548505933e-01
9.176850694014605792e-02
7.271202629904244263e-02
5.523803909951369856e-02
4.028787365733196846e-02
2.860332860271520491e-02
2.115424991054969464e-02
1.679326604596378600e-02
1.325589962499397305e-02
1.000381140218984354e-02
4.711583635030694786e-03
1.411421026668981853e-03
8.490776435427966912e-04
1.817510790632984258e-03
2.243789562735660961e-03
2.063463390568287537e-03
1.687527187693670149e-03
1.222410030063449506e-03
7.147809014715287559e-04
1.201041730465341991e-03
2.026786610748019472e-03
2.786907343942610863e-03
3.503139774188646083e-03
4.030710335326187672e-03
4.550496964316082076e-03
4.964827735508668509e-03
5.346719461330616714e-03
5.675159857003279906e-03
5.915567790347075160e-03
6.090350519439826672e-03
6.205435835586286392e-03
6.302500508119862101e-03
6.344631720204801061e-03
6.382577604730027727e-03
6.393750884391823791e-03
6.392888961897519318e-03
6.379984938226250166e-03
6.365983331710255155e-03
6.357771667418432929e-03
6.348466185917308983e-03
6.348204390313761866e-03
6.344075338943733558e-03
6.346452080810021691e-03
6.346898247686178114e-03
6.350445608008415017e-03
6.353906976511126611e-03
6.357690583669233647e-03
6.361408296370582409e-03
6.363186927944643710e-03
6.365979942163435719e-03
6.366722745496658335e-03
6.368263297879876023e-03
6.368425749118672950e-03
6.368873297429330886e-03
6.368561004096007401e-03
6.368081153160927779e-03
6.367581448078271297e-03
6.366725386151846772e-03
6.366258783001521766e-03
6.365410333638745269e-03
6.364981542936513914e-03
6.364335170499470923e-03
6.364009024071241860e-03
6.363656103578096274e-03
6.363447763553668583e-03
6.363344862297073967e-03
6.363235836705770712e-03
6.363266607731816495e-03
6.363232537401258826e-03
6.363320197435332407e-03
6.363322779646509927e-03
6.363394896161176165e-03
6.363405596362942465e-03
6.363437865872136577e-03
6.363453693538967393e-03
6.363462857679884864e-03
6.363480052861661580e-03
6.363464393707135569e-03
6.363470625310619667e-03
6.363455103916783664e-03
6.363446066710955369e-03
6.363433041142126101e-03
6.363433054845781499e-03
6.363429159629566817e-03
6.363421047567908995e-03
6.363414063642000920e-03
6.363414327211101493e-03
6.363416799774626077e-03
6.363419929979539057e-03
6.363426692148059505e-03
6.363428145669030624e-03
6.363420973405556520e-03
6.363420059908849423e-03
6.363415240847805111e-03
6.363430293864458590e-03
6.363425194911695969e-03
6.363430495848581593e-03
6.363432627068566806e-03
6.363433186754465128e-03
6.363432185929264635e-03
6.363435102724362621e-03
6.363437257515510218e-03
6.363446187267065603e-03
6.363443482416560569e-03
6.709702903456367107e-01
6.431579203737139983e-01
6.180105220214582307e-01
5.875947251392696913e-01
5.585631759864735368e-01
5.301507633915728546e-01
5.034860028378719266e-01
4.761258551669709793e-01
4.506232499240799272e-01
4.255297580193150853e-01
4.020388158537397949e-01
3.793115715419143053e-01
3.576937335139333540e-01
3.368492999306197389e-01
3.168892089750524610e-01
2.974839810001131402e-01
2.787763461436730816e-01
2.602970787243983897e-01
2.425850259126836050e-01
2.251172085113943011e-01
2.075433785812369758e-01
1.897813893463521084e-01
1.719071760064082022e-01
1.540104779831410198e-01
1.361372237288154263e-01
1.186128592703236395e-01
1.010254360502436666e-01
8.328369588760782538e-02
6.654931816993578386e-02
5.001608262335580785e-02
3.715765570315671812e-02
2.658348743833299083e-02
1.850784898355967850e-02
1.250021590757039933e-02
9.792448371347194785e-03
8.136636957253841340e-03
7.473547412625375364e-03
7.705727281479171457e-03
8.929332890526033017e-03
1.044341642378604496e-02
8.498027438040296755e-03
4.183728387364563442e-03
7.012428646954917827e-04
2.324292531443413520e-03
5.012502905373279229e-03
7.314642854572284136e-03
8.612192375115661908e-03
9.326407204885270308e-03
9.379221352387855093e-03
8.989885088308332411e-03
8.265938881139800465e-03
7.415872488406170110e-03
6.626666323296936771e-03
5.965677266075166199e-03
5.530319973551912384e-03
5.214061884007548456e-03
5.081691553739774679e-03
5.045057493844202004e-03
5.105362783863821516e-03
5.166926413784674564e-03
5.230664476464174859e-03
5.254935483282760673e-03
5.239899002387202534e-03
5.187548931186387706e-03
5.096899771225116109e-03
4.989333119206788847e-03
4.869811184779863217e-03
4.761859171845083533e-03
4.663010736448718399e-03
4.586240896396207370e-03
4.527471678489498885e-03
4.491393428981873236e-03
4.470143527437697023e-03
4.460957654413849269e-03
4.459249113231096573e-03
4.460439203026475043e-03
4.462562879150097118e-03
4.462064280871522182e-03
4.459700866527457029e-03
4.454163501564141481e-03
4.447359041091404272e-03
4.439038594603754440e-03
4.431057480344720995e-03
4.423730139282750114e-03
4.417932339075276819e-03
4.413846391226887607e-03
4.411391700959080460e-03
4.410537749872251063e-03
4.410736354621326398e-03
4.411793316835683348e-03
4.413116996583566452e-03
4.414568518010100751e-03
4.415783829730880738e-03
4.416745765719033018e-03
4.417340930855058467e-03
4.417632911865096781e-03
4.417684168857564930e-03
4.417586188581342638e-03
4.417447393859510671e-03
4.417315613434774982e-03
5.035361542425501602e-01
4.543058450678377769e-01
4.030976099349087849e-01
3.534156803317934914e-01
3.029754081889609596e-01
2.557050000750241692e-01
2.084548889823707174e-01
1.648722254074475591e-01
1.265287819412980463e-01
9.365155120170502723e-02
6.309195853318515235e-02
3.557800849733192688e-02
1.381179865998304231e-02
2.301927985898540811e-03
1.247539467800077261e-02
1.823471703124027524e-02
1.964335683144361952e-02
2.036270170207463148e-02
1.956484165629836930e-02
1.845887468117038410e-02
1.607131110153525722e-02
1.393643941357811979e-02
1.193901024804686073e-02
1.051007641881629255e-02
9.233076925126806542e-03
8.143440675007836138e-03
7.056288743072070858e-03
5.828172442599240631e-03
4.565452410563173094e-03
3.261000429410277745e-03
2.066561635219336945e-03
9.446939079649591077e-04
5.075244883264368786e-04
1.154512810814164623e-03
1.800001165047857184e-03
2.359990145512369693e-03
2.808091065649658859e-03
3.167541494566019061e-03
3.464685211532046987e-03
3.685151281030043646e-03
3.836369848480122597e-03
3.922608217322267991e-03
3.966176752540365169e-03
3.970818833121603046e-03
3.950729755274364798e-03
3.914294351002223400e-03
3.868236806752046401e-03
3.818001877205954697e-03
3.766172215261205485e-03
3.718158323691585741e-03
3.675305215457527492e-03
3.638907053977752208e-03
3.608124997713377941e-03
3.583390887465958893e-03
3.564477482509192680e-03
3.550221474741487981e-03
3.540347728432764740e-03
3.533967950942434877e-03
3.530503421350394619e-03
3.528922855041823677e-03
3.528842129878367526e-03
3.529806149801484935e-03
3.531404097520863487e-03
3.533374014176954465e-03
3.535396699491040289e-03
3.537418601178913581e-03
3.539212322016367478e-03
3.540798057421797734e-03
3.542097801910138247e-03
3.543164908875870087e-03
3.543982515882309302e-03
3.544567602988494409e-03
3.544975644746944324e-03
3.545213672057261588e-03
3.545339614777108343e-03
3.545360258305583091e-03
3.545306715550910429e-03
3.545223653740607779e-03
3.545109983519507870e-03
3.544992897221817089e-03
3.544868562034645017e-03
3.544761238715345240e-03
3.544662200873638543e-03
3.544566966130339222e-03
3.544490157677623963e-03
3.544426555695103041e-03
3.544380159179971474e-03
3.544350001724842422e-03
3.544329779352361001e-03
3.544320053508569213e-03
3.544316241779808026e-03
3.544312414284974365e-03
3.544312116076672996e-03
3.544320469668809596e-03
3.544327044814081593e-03
3.544341310896650336e-03
3.544342703987404201e-03
3.544355668990388595e-03
3.544358673193762077e-03
3.544350684836659101e-03
4.181257134780748119e-01
3.992934108951435856e-01
3.780133661403711764e-01
3.425698879067278768e-01
3.021839649067867839e-01
2.644458382674053087e-01
2.224989092136569480e-01
1.861092576584956471e-01
1.523226976586287418e-01
1.185873752906453082e-01
8.727979677032314532e-02
6.044529143399466481e-02
4.042799816196344237e-02
2.236046723207387593e-02
1.049556747261148545e-02
1.667399260207223571e-03
8.211024116373089043e-03
1.434625043008487186e-02
1.911285008776961516e-02
2.100917466602016809e-02
2.167466221746217406e-02
2.218490086827657262e-02
2.169272511809865189e-02
2.139524509828482496e-02
2.037192798498867544e-02
1.942920266891700123e-02
1.824506762850667055e-02
1.686980136766484326e-02
1.571744794880865562e-02
1.431204069534532629e-02
1.315369403509839517e-02
1.208816746170130255e-02
1.124524259191128119e-02
1.067023118685967581e-02
1.017066438446586132e-02
9.840407808173664075e-03
9.566110892766020030e-03
9.389077399058263010e-03
9.301437945353948841e-03
9.253252939043658809e-03
9.280409717939468173e-03
9.318820705688910314e-03
9.388299562103342294e-03
9.461434658375638199e-03
9.528587719149961624e-03
9.600900136275604402e-03
9.656696755880149474e-03
9.712256638112900034e-03
9.755551906693801095e-03
9.790742671303989675e-03
9.820365772075154848e-03
9.838382841402494236e-03
9.852902391697381315e-03
9.858152325843106203e-03
9.859679075743364371e-03
9.856916246924413497e-03
9.850760563289470695e-03
9.844347887514487069e-03
9.836004442336626283e-03
9.828592490686021907e-03
9.820900957545279641e-03
9.813897771269088771e-03
9.807946879315562749e-03
9.802536908021068640e-03
9.798511652793736801e-03
9.795146052617560717e-03
9.792838019026571875e-03
9.791304626060459357e-03
9.790349135506441411e-03
9.790045501862576494e-03
9.790004385345519103e-03
9.790342332334152006e-03
9.790820851260380320e-03
9.791414616620605291e-03
9.792082783106935764e-03
9.792698197791955411e-03
9.793317106308927975e-03
9.793842371643353764e-03
9.794299532233968070e-03
9.794673886631187140e-03
9.794939628163426559e-03
9.795150982260339770e-03
9.795281264355713835e-03
9.795361453097294752e-03
9.795376851029434159e-03
9.795365150059388848e-03
9.795331207062692516e-03
9.795275852700289707e-03
9.795218446996921749e-03
9.795156339065904869e-03
9.795090648984986631e-03
9.795032322053601193e-03
9.794970080099113172e-03
9.794920799177715687e-03
9.794880958134152479e-03
9.794850471248832402e-03
9.794826407944831961e-03
9.794809929503203380e-03
9.794802837736876419e-03
9.794804490078436870e-03
9.794796384806334077e-03
9.794805232600510211e-03
