4.602539519038306253e+02 4.641560991840711949e+02 4.909155587085791694e+02
4.759300847520503339e+02 4.672066142505089488e+02 4.717995879997508268e+02
4.768373038962218970e+02 4.698726851831104341e+02 4.717096134581398701e+02
4.776509197358125789e+02 4.707065803794389467e+02 4.726390733813191787e+02
4.784820056287057355e+02 4.715000438143138695e+02 4.734725985546258471e+02
4.792806361409961937e+02 4.722688956540275171e+02 4.742671565297047209e+02
4.800462683678060785e+02 4.730069436297725929e+02 4.750276346177308824e+02
4.807790729679953188e+02 4.737139451193792183e+02 4.757542609455063030e+02
4.814790424221362741e+02 4.743897936717657444e+02 4.764472864807200949e+02
4.821462119531802273e+02 4.750344346883114781e+02 4.771069502425343103e+02
4.827806946994490431e+02 4.756479048400005922e+02 4.777335223979148395e+02
4.833591308152385864e+02 4.763963674443616583e+02 4.784183591146555727e+02
4.841157148758745166e+02 4.770806480536901404e+02 4.791165461699126240e+02
4.848064408657635340e+02 4.777573112601205025e+02 4.797826915980438116e+02
4.854665939687869241e+02 4.783914676884593291e+02 4.804361118872049587e+02
4.860635145111294264e+02 4.789526080059287665e+02 4.810171084941465551e+02
4.866248472888322567e+02 4.794966855072416934e+02 4.815699136299905376e+02
4.871430334870736942e+02 4.799906728003136891e+02 4.820812708932402870e+02
4.876199474247790704e+02 4.804198743383969941e+02 4.825420022441566630e+02
4.880081835953106975e+02 4.807671570651096431e+02 4.829090363022568226e+02
4.883025164531010773e+02 4.810219609419996800e+02 4.831849057074617235e+02
4.885111105488650196e+02 4.811873495212939815e+02 4.833706689428292975e+02
4.886368613211513434e+02 4.812827594994896572e+02 4.834809081946064566e+02
4.887040518905046724e+02 4.813277886725480244e+02 4.835324834912701704e+02
4.887278639627091934e+02 4.813476873959313025e+02 4.835518657322129457e+02
4.887245045392044176e+02 4.813455686505828339e+02 4.835464760629611760e+02
4.887079633757130068e+02 4.813314632556682113e+02 4.835291987391735802e+02
4.886920058634470934e+02 4.813225652183716647e+02 4.835129060015865434e+02
4.886723178517609654e+02 4.813084236582881772e+02 4.834955461653228213e+02
4.886650702233923766e+02 4.813138805425129476e+02 4.834835841902735183e+02
4.886603951526286096e+02 4.813166973272798828e+02 4.834775242010531997e+02
4.886556544659277392e+02 4.813183389214911472e+02 4.834741133945905176e+02
4.886478888456994696e+02 4.813149448966333921e+02 4.834682818700235885e+02
4.886376297104067135e+02 4.813091733876310059e+02 4.834588301595339317e+02
4.886245198763542703e+02 4.812988710667467558e+02 4.834469338824694091e+02
4.886088788641615679e+02 4.812840758557761660e+02 4.834311268328092979e+02
4.885914321636464592e+02 4.812690717212744858e+02 4.834140522296562494e+02
4.885727354230056676e+02 4.812527843970295294e+02 4.833953058158329554e+02
4.885545466161081549e+02 4.812358689114374783e+02 4.833761388011189979e+02
4.885361721614944486e+02 4.812187152292770520e+02 4.833569248871774562e+02
4.885189477078830009e+02 4.812038170564415509e+02 4.833392059827011167e+02
4.885023431437144268e+02 4.811889374404482851e+02 4.833231978056592766e+02
4.884872927010001149e+02 4.811756085332743851e+02 4.833085065602309669e+02
4.884733243655543902e+02 4.811630658329629568e+02 4.832951883401088935e+02
4.884605420648617269e+02 4.811516898349896110e+02 4.832831208263152121e+02
4.884486714056278629e+02 4.811407878465001318e+02 4.832722573055048088e+02
4.884372682878719729e+02 4.811301070564920224e+02 4.832618649858990807e+02
4.884267411122675639e+02 4.811203034789281219e+02 4.832522759445839142e+02
4.884178390674872503e+02 4.811123141351137065e+02 4.832440182385977891e+02
4.884103928756059076e+02 4.811055308631464982e+02 4.832371220181512399e+02
4.884041828630536202e+02 4.810997839992835452e+02 4.832313027300620547e+02
4.883989606857135755e+02 4.810949986437535131e+02 4.832264273520768256e+02
4.883945999932539621e+02 4.810910260018136455e+02 4.832222762410909240e+02
4.883909181405978188e+02 4.810875863953172029e+02 4.832186945527000717e+02
4.883878140421809348e+02 4.810846292847467112e+02 4.832155903268526345e+02
4.883853428489995849e+02 4.810824519036310676e+02 4.832131775354367278e+02
4.883835451784018460e+02 4.810808424455352110e+02 4.832114213533882889e+02
4.883822730081045620e+02 4.810796110553278595e+02 4.832101382487095975e+02
4.883813920404867872e+02 4.810787191562246790e+02 4.832092193880474156e+02
4.883808189646271103e+02 4.810781457137466077e+02 4.832086236088896953e+02
4.883805222898271268e+02 4.810778239755770755e+02 4.832083094294446823e+02
4.883804465781589101e+02 4.810777030608226710e+02 4.832082075053409085e+02
4.883805327628851956e+02 4.810777384350544708e+02 4.832082742797251740e+02
4.883807273978412695e+02 4.810778891067722043e+02 4.832084651438350420e+02
4.883809979989159160e+02 4.810780928215531844e+02 4.832087212281029451e+02
4.883812994769003240e+02 4.810782998969657456e+02 4.832089970739124851e+02
4.883816087820603116e+02 4.810785287140614628e+02 4.832092885931096475e+02
4.883819199868010514e+02 4.810787735758660233e+02 4.832095905945609502e+02
4.883822232467634308e+02 4.810790184110622363e+02 4.832098898718460873e+02
4.883825086969389417e+02 4.810792446627741015e+02 4.832101702031590662e+02
4.883827669928381283e+02 4.810794548081731818e+02 4.832104263541642126e+02
4.883830007189023945e+02 4.810796497614144300e+02 4.832106603283943400e+02
4.883832105009904581e+02 4.810798243412967850e+02 4.832108690460692628e+02
4.883833955477542190e+02 4.810799777083144591e+02 4.832110529316640282e+02
4.883835566419314773e+02 4.810801154227831375e+02 4.832112157749934340e+02
4.883836975953416299e+02 4.810802394200106846e+02 4.832113598936753078e+02
4.883838195229817529e+02 4.810803458080300175e+02 4.832114842187513091e+02
4.883839230310661605e+02 4.810804361672761615e+02 4.832115894153878344e+02
4.883840097866323617e+02 4.810805129909484208e+02 4.832116778992344734e+02
4.883840818773779233e+02 4.810805783205493640e+02 4.832117522565541208e+02
4.883841417118667891e+02 4.810806321136057591e+02 4.832118136791351617e+02
4.883841899355083456e+02 4.810806753194744942e+02 4.832118631241613684e+02
4.883842284026231368e+02 4.810807107569275445e+02 4.832119030596979883e+02
4.883842588137663938e+02 4.810807392205581436e+02 4.832119348819559264e+02
4.883842823171780765e+02 4.810807609584757074e+02 4.832119591963160588e+02
4.883842997367727321e+02 4.810807773454606036e+02 4.832119774234553233e+02
4.883843123741312979e+02 4.810807895372943790e+02 4.832119907197284192e+02
4.883843212763252382e+02 4.810807986723556837e+02 4.832120003800413315e+02
4.883843272462678442e+02 4.810808047413528925e+02 4.832120067874247411e+02
4.883843307323617751e+02 4.810808086222551765e+02 4.832120106529176837e+02
4.883843326533868776e+02 4.810808113329652542e+02 4.832120131447159679e+02
4.883843330946472747e+02 4.810808122246844505e+02 4.832120137905376964e+02
4.883843325104851374e+02 4.810808122588216520e+02 4.832120134372386815e+02
4.883843311039348123e+02 4.810808114600529848e+02 4.832120121517201596e+02
4.883843295658075476e+02 4.810808107017963948e+02 4.832120108481865373e+02
4.883843277862832792e+02 4.810808094135136912e+02 4.832120091888411366e+02
4.883843258504057872e+02 4.810808079119821628e+02 4.832120072256099093e+02
4.883843238820336410e+02 4.810808065318403237e+02 4.832120053568061735e+02
4.883843219897311769e+02 4.810808050603230868e+02 4.832120035700669973e+02
4.883843202158906251e+02 4.810808034968355287e+02 4.832120016906283695e+02
4.883843184053630466e+02 4.810808020727755547e+02 4.832119999225002402e+02
4.883843167326936054e+02 4.810808006557136878e+02 4.832119982280180466e+02
4.883843153946270945e+02 4.810807996957498176e+02 4.832119969769167938e+02
4.883843140089646795e+02 4.810807982640863543e+02 4.832119954674157043e+02
4.883843130300088546e+02 4.810807975404449621e+02 4.832119944246637715e+02
4.883843120338905237e+02 4.810807966270418774e+02 4.832119935158446538e+02
4.883843112026506788e+02 4.810807959731090477e+02 4.832119926662099942e+02
4.883843104312550736e+02 4.810807951793905772e+02 4.832119918853360900e+02
4.883843097912414919e+02 4.810807946986381580e+02 4.832119912352318920e+02
4.883843093517455713e+02 4.810807943723841049e+02 4.832119907843477904e+02
4.885052376640806528e+02 4.813787847772458122e+02 4.834026546914479354e+02
4.891795991239720252e+02 4.817973833087872890e+02 4.838064098036382461e+02
4.897320743265288456e+02 4.823513709233380951e+02 4.843193243659302993e+02
4.902423550132187984e+02 4.827687054641082227e+02 4.847921625679894646e+02
4.906776331120536838e+02 4.831710963759124411e+02 4.851942128857272678e+02
4.910882219705490570e+02 4.835608099684816921e+02 4.855988698140147335e+02
4.914848446617115201e+02 4.839266943724451835e+02 4.859750020055440132e+02
4.918377873432526144e+02 4.842357535009646767e+02 4.863012435846179642e+02
4.921349256494336259e+02 4.845181162644600477e+02 4.865814093911986902e+02
4.923775031744474973e+02 4.847286833532098171e+02 4.868029069312997308e+02
4.925816712333452756e+02 4.848954337861958379e+02 4.869603676989380574e+02
4.926793439334034588e+02 4.849602978685292101e+02 4.870487125655592990e+02
4.927638506316774851e+02 4.850509376980144793e+02 4.871291096939867202e+02
4.928601436474967272e+02 4.851674725834757282e+02 4.872353878016658655e+02
4.929485046972487226e+02 4.852417073522395867e+02 4.873177807959437473e+02
4.930107951137977693e+02 4.852871744093567372e+02 4.873702355111568068e+02
4.930401446814240671e+02 4.853098642926627804e+02 4.873988105184715209e+02
4.930582447379072164e+02 4.853222899777009047e+02 4.874170285100165643e+02
4.930601932928377096e+02 4.853132110983107168e+02 4.874137459568767099e+02
4.930541005664318277e+02 4.853031730209818306e+02 4.874073038709587991e+02
4.930364732588618608e+02 4.852940644668494770e+02 4.873989554036407981e+02
4.930230316040801313e+02 4.852828378052617495e+02 4.873858859696252921e+02
4.930059932175257700e+02 4.852635853545870077e+02 4.873662245688611279e+02
4.929853669303579409e+02 4.852461178162087663e+02 4.873454396519040870e+02
4.929658278210533808e+02 4.852301114002106601e+02 4.873266794972402636e+02
4.929488205560990650e+02 4.852178281490851077e+02 4.873109346766713088e+02
4.929347352066687336e+02 4.852052601672538685e+02 4.872968240118105996e+02
4.929200561257582649e+02 4.851948675641862678e+02 4.872836099005265282e+02
4.929088432548908258e+02 4.851870383347251163e+02 4.872733622391755262e+02
4.928985023542350064e+02 4.851794139126874938e+02 4.872632926613193831e+02
4.928895347280986243e+02 4.851721060767472409e+02 4.872543667060690495e+02
4.928804259977648599e+02 4.851647314134174280e+02 4.872458722955607300e+02
4.928739337454343854e+02 4.851607157263763952e+02 4.872398554531711738e+02
4.928690386083492285e+02 4.851568898995697054e+02 4.872351099484256451e+02
4.928656376991395973e+02 4.851546754800306189e+02 4.872315655807649932e+02
4.928632284640984267e+02 4.851533250741566690e+02 4.872292932904978784e+02
4.928616787271296857e+02 4.851529497990252935e+02 4.872278776675559016e+02
4.928611021639899832e+02 4.851525644932035561e+02 4.872271088425933954e+02
4.928606351027879668e+02 4.851524989863287942e+02 4.872265026315896534e+02
4.928607886014045789e+02 4.851530029670093427e+02 4.872266499191118783e+02
4.928610540255696151e+02 4.851535304272626377e+02 4.872269195262116455e+02
4.928617165867593712e+02 4.851541168116957579e+02 4.872273769018922849e+02
4.928621148854671787e+02 4.851545235505237201e+02 4.872276660546661446e+02
4.928625307272170630e+02 4.851549689240586645e+02 4.872279992859969866e+02
4.928628640965937393e+02 4.851552344239365766e+02 4.872282310574394160e+02
4.928631004249338048e+02 4.851554251471758903e+02 4.872283941091180282e+02
4.928633034220915761e+02 4.851555462487036721e+02 4.872285363665917544e+02
4.928633960347068523e+02 4.851556411080018165e+02 4.872286278697371245e+02
4.928635359734628310e+02 4.851556983045169886e+02 4.872287238734055563e+02
4.928635407595374431e+02 4.851556563648878750e+02 4.872287180781186180e+02
4.928635693009716192e+02 4.851556286603164381e+02 4.872287314507975680e+02
4.928635246693278305e+02 4.851555642416158776e+02 4.872287061442613663e+02
4.928635089859333789e+02 4.851555122618415794e+02 4.872286933227704253e+02
4.928634683633765121e+02 4.851554447715636229e+02 4.872286578367310312e+02
4.928634273625158926e+02 4.851554007091523317e+02 4.872286313180083539e+02
4.928633994591966712e+02 4.851553604773382062e+02 4.872286085855126885e+02
4.928633609343085595e+02 4.851553229866192964e+02 4.872285784182774364e+02
4.928633464192425890e+02 4.851553007321850828e+02 4.872285624570491223e+02
4.928633176637615065e+02 4.851552824578026275e+02 4.872285443325259280e+02
4.928633182814703559e+02 4.851552823367429710e+02 4.872285443716638724e+02
4.928633110763241802e+02 4.851552811306340232e+02 4.872285410354268720e+02
4.928633195723075460e+02 4.851552913989764875e+02 4.872285489975797645e+02
4.928633253297498982e+02 4.851553000802798579e+02 4.872285558545588060e+02
4.928633364450052454e+02 4.851553134963989464e+02 4.872285670600181220e+02
4.928633490410996956e+02 4.851553245222661417e+02 4.872285779421584948e+02
4.928633580625632931e+02 4.851553352677260023e+02 4.872285875602165106e+02
4.928633711674588653e+02 4.851553460981865555e+02 4.872285986661571542e+02
4.928633777186539078e+02 4.851553534507879135e+02 4.872286058648072640e+02
4.928633878063366183e+02 4.851553607988475960e+02 4.872286139620159133e+02
4.928633916213718749e+02 4.851553643123199890e+02 4.872286178601819415e+02
4.928633971938676268e+02 4.851553684032180058e+02 4.872286226646802447e+02
4.928633992204874517e+02 4.851553694448888336e+02 4.872286245684786081e+02
4.928634010666117433e+02 4.851553703276809983e+02 4.872286261925142981e+02
4.928634017841659443e+02 4.851553700123702697e+02 4.872286267230438739e+02
4.928634014388758260e+02 4.851553696549210031e+02 4.872286267734376679e+02
4.928634014888748425e+02 4.851553686888228185e+02 4.872286265323486418e+02
4.928634002342494682e+02 4.851553677672508798e+02 4.872286257889172134e+02
4.928634000777732354e+02 4.851553669818542289e+02 4.872286254745356473e+02
4.928633986422022986e+02 4.851553656680118252e+02 4.872286244658330929e+02
4.928633980884121115e+02 4.851553648063749620e+02 4.872286237882872229e+02
4.928633973380649991e+02 4.851553644466353035e+02 4.872286233243920037e+02
4.928633967990863880e+02 4.851553637325208683e+02 4.872286228165818329e+02
4.928633963566634293e+02 4.851553634805163142e+02 4.872286224443543006e+02
4.928633960327317141e+02 4.851553634810636595e+02 4.872286222974842076e+02
4.928633959615561935e+02 4.851553632421304769e+02 4.872286221051552957e+02
4.928633956843376609e+02 4.851553631412826348e+02 4.872286219545917447e+02
4.928633957732898239e+02 4.851553632600531500e+02 4.872286219507686269e+02
4.928633959277062786e+02 4.851553636720040572e+02 4.872286222679686603e+02
4.928633960441077306e+02 4.851553634778927062e+02 4.872286221377730726e+02
4.928633960644192484e+02 4.851553635950293142e+02 4.872286221696074335e+02
4.928633961527132215e+02 4.851553637830670027e+02 4.872286223356363166e+02
4.928633964026478225e+02 4.851553640748607563e+02 4.872286225372195645e+02
4.928633964817614128e+02 4.851553640099975837e+02 4.872286225534991786e+02
4.928633964646754748e+02 4.851553641458243078e+02 4.872286225382575253e+02
4.928633963953089960e+02 4.851553640436421233e+02 4.872286225426649366e+02
4.928633963705467522e+02 4.851553639891561147e+02 4.872286224548133191e+02
4.928633962483095843e+02 4.851553636800200593e+02 4.872286222513931762e+02
4.928633962460616544e+02 4.851553640543956476e+02 4.872286223986351956e+02
4.928633964157812102e+02 4.851553640607779130e+02 4.872286225806649895e+02
4.928633963748912947e+02 4.851553638759779119e+02 4.872286224632287031e+02
4.925504383122552099e+02 4.843239888722989122e+02 4.868388807839320407e+02
4.920719889229997079e+02 4.837317319217771114e+02 4.862735126722103587e+02
4.915043897313930188e+02 4.831845616431433541e+02 4.857237852024450717e+02
4.909658258013128034e+02 4.826586230142526688e+02 4.851831071408489606e+02
4.904158553534643374e+02 4.821458471986522909e+02 4.846640600350831960e+02
4.898885000003455730e+02 4.816681050341168771e+02 4.841710009197878435e+02
4.893802725286302007e+02 4.811735466375426995e+02 4.836808483782150461e+02
4.889167614153158183e+02 4.806943888855438445e+02 4.831959593460703672e+02
4.884559845274924896e+02 4.802248741595486763e+02 4.827236648593105315e+02
4.880191060681918316e+02 4.797969809760737121e+02 4.822866619340007333e+02
4.876022905777267624e+02 4.793960198982747443e+02 4.818714182245262805e+02
4.872018809743400425e+02 4.790104507357795001e+02 4.814766561538375527e+02
4.868149992555023005e+02 4.786377998531507387e+02 4.810913030164600173e+02
4.864431887391228315e+02 4.782796995152549471e+02 4.807191554282507013e+02
4.860783275748324286e+02 4.779312694495182541e+02 4.803578766995169644e+02
4.857226258901354186e+02 4.775930079182145391e+02 4.800100487205475019e+02
4.853742296470571773e+02 4.772611233121258465e+02 4.796679524395024146e+02
4.850384621129080642e+02 4.769404532530338656e+02 4.793367535638717527e+02
4.847037168325506968e+02 4.766230970735017536e+02 4.790094093634562569e+02
4.843666527644874122e+02 4.763019571005227135e+02 4.786792596939384339e+02
4.840264826350721705e+02 4.759781344710474400e+02 4.783467797452727268e+02
4.836933933207512837e+02 4.756665983261462429e+02 4.780222693551851876e+02
4.833557603119370469e+02 4.753382817439510859e+02 4.776891730450873865e+02
4.830210864240613660e+02 4.750249750602512790e+02 4.773630073566170040e+02
4.826802968109991525e+02 4.746980579543983367e+02 4.770280466355176827e+02
4.823368088839729921e+02 4.743741462201779768e+02 4.766919667580742725e+02
4.819926186140982054e+02 4.740435430035109903e+02 4.763528120205278924e+02
4.816861421552081310e+02 4.737709705485598306e+02 4.760571910535506959e+02
4.813867643242653571e+02 4.734828575707506957e+02 4.757627292089276807e+02
4.811485939555201981e+02 4.732905726729027833e+02 4.755399688748921676e+02
4.809367030074396894e+02 4.730904323997596634e+02 4.753325195153625486e+02
4.807749024775175712e+02 4.729589381457507784e+02 4.751806101124750512e+02
4.806909454440336162e+02 4.729038171960430077e+02 4.751082711183093465e+02
4.806468943917732304e+02 4.728673632964703870e+02 4.750619716668570618e+02
4.806225988300067229e+02 4.728493101295025554e+02 4.750431976362051500e+02
4.806153494648078208e+02 4.728451874786750864e+02 4.750373718017286819e+02
4.806272928693545055e+02 4.728613880856584046e+02 4.750506677071749095e+02
4.806508036674172217e+02 4.728852335311580077e+02 4.750823738827775742e+02
4.806421134932315340e+02 4.728499026371322316e+02 4.750629689193916079e+02
4.806348038577899615e+02 4.728572985383971172e+02 4.750595815893895519e+02
4.806245370798617387e+02 4.728404692385532826e+02 4.750484318149092360e+02
4.805644519997543398e+02 4.727490319601196234e+02 4.749740909052579241e+02
4.805025319301552713e+02 4.726969457687623049e+02 4.749183837591451720e+02
4.804489053156718796e+02 4.726443605868376494e+02 4.748624032629294334e+02
4.804110534350383546e+02 4.726157378419987367e+02 4.748293182846331320e+02
4.803783276228816135e+02 4.725762640070203702e+02 4.747943523687931133e+02
4.803612080460652010e+02 4.725721908900314361e+02 4.747775923858548026e+02
4.803494925177193409e+02 4.725689208871062306e+02 4.747740109552903505e+02
4.803537156037695581e+02 4.725719579639981589e+02 4.747753491346736041e+02
4.803606923395371950e+02 4.725803784888291261e+02 4.747838269970225724e+02
4.803677333916651264e+02 4.725912225007018037e+02 4.747952416861096481e+02
4.803820762597338785e+02 4.726040989713386580e+02 4.748081050105794816e+02
4.803927333158782176e+02 4.726106104408883652e+02 4.748176344277567864e+02
4.804027078789799248e+02 4.726187046844837596e+02 4.748280366177032761e+02
4.804080421340603948e+02 4.726201812994061697e+02 4.748327612999951270e+02
4.804131450368448668e+02 4.726240839394010891e+02 4.748368916825702968e+02
4.804149178682865227e+02 4.726226348874466794e+02 4.748384601129722000e+02
4.804162181113433121e+02 4.726237307065107416e+02 4.748393382939112257e+02
4.804159900707423390e+02 4.726223195862375519e+02 4.748390384087784923e+02
4.804162240346283284e+02 4.726227463132979665e+02 4.748389281436879514e+02
4.804162458915691332e+02 4.726228620272892158e+02 4.748390463751604784e+02
4.804163925352663682e+02 4.726232295635415994e+02 4.748392160874345223e+02
4.804173540742972932e+02 4.726247893124136681e+02 4.748402985822168034e+02
4.804183502186511419e+02 4.726259748237316103e+02 4.748413121887527950e+02
4.804199373399762862e+02 4.726279994374952480e+02 4.748430564390150153e+02
4.804213781404707220e+02 4.726292257667818717e+02 4.748445038685076156e+02
4.804230669226031409e+02 4.726311204259864098e+02 4.748461932550488882e+02
4.804243605261095240e+02 4.726321248226265652e+02 4.748475488838756746e+02
4.804257048696449033e+02 4.726333935209972879e+02 4.748487936638104543e+02
4.804266170807342746e+02 4.726340124755431589e+02 4.748497169148890862e+02
4.804273953323175306e+02 4.726347039511546200e+02 4.748504414289109263e+02
4.804279408774015110e+02 4.726350620490901520e+02 4.748509335166588130e+02
4.804282825376181449e+02 4.726353027667200308e+02 4.748512270833287516e+02
4.804285393659648662e+02 4.726355197869795006e+02 4.748514638268698604e+02
4.804286685691706680e+02 4.726356033129551406e+02 4.748515553004719436e+02
4.804288015264316414e+02 4.726357808392950233e+02 4.748516821800125740e+02
4.804288676024971778e+02 4.726358299176397395e+02 4.748517370036230432e+02
4.804289761157093608e+02 4.726360096073817090e+02 4.748518426578783078e+02
4.804290468000983765e+02 4.726360817733942667e+02 4.748519224089610589e+02
4.804291632907592771e+02 4.726362459004542984e+02 4.748520316420593304e+02
4.804292479175387029e+02 4.726363309816597962e+02 4.748521260571492348e+02
4.804293475520326524e+02 4.726364522160103547e+02 4.748522243225354487e+02
4.804294304739576660e+02 4.726365300244833634e+02 4.748523086258609283e+02
4.804294986541397066e+02 4.726365973827591915e+02 4.748523738109154237e+02
4.804295544317143936e+02 4.726366483082894092e+02 4.748524296396680597e+02
4.804295876985321456e+02 4.726366714347686866e+02 4.748524578907233717e+02
4.804296129950104159e+02 4.726366965395375814e+02 4.748524817906201179e+02
4.804296188253524065e+02 4.726366925948877338e+02 4.748524843747692330e+02
4.804296227189154820e+02 4.726367004434718524e+02 4.748524856049581331e+02
4.804296134629075254e+02 4.726366869262707837e+02 4.748524759033604141e+02
4.804296075980483351e+02 4.726366872781089228e+02 4.748524679182872887e+02
4.804295958800120729e+02 4.726366755847915329e+02 4.748524565747014776e+02
4.804295878058077847e+02 4.726366733369068243e+02 4.748524479529905875e+02
4.804295794974837008e+02 4.726366673595970269e+02 4.748524403363744568e+02
4.804295731404079675e+02 4.726366647521321624e+02 4.748524339745983411e+02
4.804295684827354194e+02 4.726366625439387121e+02 4.748524301230867195e+02
4.804295642307803860e+02 4.726366596669056435e+02 4.748524258169885570e+02
4.804295616904876169e+02 4.726366591776595101e+02 4.748524239182364681e+02
4.804295586112313572e+02 4.726366558614714108e+02 4.748524208907006710e+02
4.804295564529911644e+02 4.726366548157087095e+02 4.748524186992303271e+02
4.810461877972264801e+02 4.738746034493511274e+02 4.757168306323749221e+02
4.818934864775632718e+02 4.748850232367111062e+02 4.766174989651510145e+02
4.828011078382399432e+02 4.757604076776465831e+02 4.775523920531334170e+02
4.837509653175739572e+02 4.766667951440509796e+02 4.784646201105586556e+02
4.846301217632089333e+02 4.775024096249144918e+02 4.793266027635565933e+02
4.855207165989513669e+02 4.783474324978625987e+02 4.801844820898289186e+02
4.863726908082392697e+02 4.791085500215654633e+02 4.809827766494871639e+02
4.871402482474609883e+02 4.798130147509993435e+02 4.817271804802792303e+02
4.878027493678911810e+02 4.804096112950864494e+02 4.823887800323722672e+02
4.884200025687530911e+02 4.809304755955245128e+02 4.829182599714232538e+02
4.889392296214952012e+02 4.814293146859383228e+02 4.834328162226960330e+02
4.893824290350101478e+02 4.818016325273141547e+02 4.838313437422697803e+02
4.897069877512279277e+02 4.820674749446063174e+02 4.841235706712519118e+02
4.899208030878241402e+02 4.822315217025638390e+02 4.843075694155912174e+02
4.900509746284242851e+02 4.823327484966899306e+02 4.844104307993813450e+02
4.900956301615747179e+02 4.823570419512359990e+02 4.844417022258461998e+02
4.900966552353937686e+02 4.823609214835616399e+02 4.844417155297492741e+02
4.900762273791689836e+02 4.823498833345968251e+02 4.844325954441518434e+02
4.900522045777934181e+02 4.823298599547727008e+02 4.844171504088552069e+02
4.900211051671851124e+02 4.822918252452820411e+02 4.843876976239263286e+02
4.899810951730279953e+02 4.822522561693112948e+02 4.843510517828091224e+02
4.899415502115258505e+02 4.822224503305376402e+02 4.843165658658592747e+02
4.899074977920101333e+02 4.821967427562389048e+02 4.842868776825526993e+02
4.898788147590707354e+02 4.821756421104388437e+02 4.842603421170254023e+02
4.898495378120884425e+02 4.821569997298835233e+02 4.842350873173235186e+02
4.898243327081260645e+02 4.821382831380407197e+02 4.842102123273793950e+02
4.897992093159921296e+02 4.821161408017318877e+02 4.841840433608404055e+02
4.897732633189832541e+02 4.820918986295245645e+02 4.841562339148117644e+02
4.897458813210982385e+02 4.820685394881178354e+02 4.841287968418573087e+02
4.897200159409719618e+02 4.820474876620278337e+02 4.841034739154817430e+02
4.896964405425927680e+02 4.820272806354107047e+02 4.840801877214620959e+02
4.896752759988816024e+02 4.820094063744677442e+02 4.840598456331106263e+02
4.896575212516580109e+02 4.819951878449176661e+02 4.840429191447601056e+02
4.896429675363085039e+02 4.819841509170959171e+02 4.840293797799189974e+02
4.896315122446471264e+02 4.819745444898360347e+02 4.840184375690328693e+02
4.896218132400956051e+02 4.819667272048014297e+02 4.840094818256245617e+02
4.896139038926987155e+02 4.819606473456013873e+02 4.840023348041851250e+02
4.896074324237755491e+02 4.819557689091924431e+02 4.839963366585475910e+02
4.896022203136570283e+02 4.819516916020022563e+02 4.839913600430481893e+02
4.895984917580975093e+02 4.819491280357157166e+02 4.839878715109078371e+02
4.895960784228500415e+02 4.819475849791160726e+02 4.839855865812875777e+02
4.895949602044097446e+02 4.819469789928118644e+02 4.839842972325021719e+02
4.895946410490945482e+02 4.819469468320751275e+02 4.839837874257559633e+02
4.895949342872299326e+02 4.819474632780567731e+02 4.839839420739872367e+02
4.895955899335071422e+02 4.819482303511638293e+02 4.839845069657563386e+02
4.895965390399344415e+02 4.819491085123248695e+02 4.839852919842238634e+02
4.895975990732472951e+02 4.819501039210462636e+02 4.839862264481296279e+02
4.895986979692641512e+02 4.819511145137247468e+02 4.839872363652606850e+02
4.895998311218821755e+02 4.819520755290220677e+02 4.839882398994133155e+02
4.896008493252801372e+02 4.819529228381804842e+02 4.839891648273446663e+02
4.896017629903769830e+02 4.819536598134733936e+02 4.839899940753853116e+02
4.896025250846519725e+02 4.819542773589752755e+02 4.839907151042086184e+02
4.896031718239636916e+02 4.819547790908318916e+02 4.839913261356873022e+02
4.896036799347527335e+02 4.819551653299967029e+02 4.839918146757385671e+02
4.896040732731482876e+02 4.819554531074842885e+02 4.839921986816337949e+02
4.896043652947344640e+02 4.819556635289585529e+02 4.839924913748695303e+02
4.896045661204698263e+02 4.819557945159503447e+02 4.839926980981675797e+02
4.896046967978523980e+02 4.819558651961102669e+02 4.839928335535529413e+02
4.896047609157078568e+02 4.819558947365436552e+02 4.839929141158802395e+02
4.896047871154954123e+02 4.819558935601524468e+02 4.839929533975370646e+02
4.896047781386730549e+02 4.819558687875255600e+02 4.839929592533728737e+02
4.896047496751605763e+02 4.819558286950050956e+02 4.839929418670213295e+02
4.896047050283203248e+02 4.819557833007031036e+02 4.839929098249918979e+02
4.896046545029853974e+02 4.819557333444191727e+02 4.839928692857707802e+02
4.896046024014036675e+02 4.819556847869441185e+02 4.839928247528105203e+02
4.896045504843271488e+02 4.819556390760032514e+02 4.839927800749698577e+02
4.896045039560960959e+02 4.819555994184884185e+02 4.839927386970746852e+02
4.896044624940228687e+02 4.819555657175766896e+02 4.839927017235121980e+02
4.896044283472253369e+02 4.819555375480404109e+02 4.839926697549090591e+02
4.896043995316466635e+02 4.819555153456096264e+02 4.839926430315261996e+02
4.896043777670837471e+02 4.819554987931189771e+02 4.839926222092296371e+02
4.896043614263082304e+02 4.819554872327969974e+02 4.839926064926244180e+02
4.896043501627448222e+02 4.819554794075516497e+02 4.839925952139938090e+02
4.896043428607744659e+02 4.819554747793701495e+02 4.839925874875504519e+02
4.896043387229444761e+02 4.819554729905070189e+02 4.839925831313023536e+02
4.896043374612187336e+02 4.819554729330407667e+02 4.839925811497452628e+02
4.896043381495483118e+02 4.819554746370625367e+02 4.839925812784002801e+02
4.896043401669751916e+02 4.819554768644609908e+02 4.839925825801647647e+02
4.896043428377380451e+02 4.819554799247579808e+02 4.839925848132684791e+02
4.896043461612416081e+02 4.819554829480077274e+02 4.839925875416813028e+02
4.896043494068879909e+02 4.819554857898335172e+02 4.839925902520214436e+02
4.896043525139335202e+02 4.819554885951007464e+02 4.839925931003738810e+02
4.896043553828451422e+02 4.819554909035684886e+02 4.839925956487186909e+02
4.896043580387377574e+02 4.819554933014622975e+02 4.839925981104155426e+02
4.896043601935922425e+02 4.819554947743043840e+02 4.839925999596865722e+02
4.896043619753046983e+02 4.819554963325340395e+02 4.839926017754442000e+02
4.896043634129341058e+02 4.819554973934669420e+02 4.839926031129783723e+02
4.896043645011770309e+02 4.819554981595225058e+02 4.839926041674797830e+02
4.896043652356506755e+02 4.819554985674145087e+02 4.839926048671795797e+02
4.896043655984347538e+02 4.819554987953105183e+02 4.839926052391560347e+02
4.896043658944456638e+02 4.819554989736126913e+02 4.839926056086588346e+02
4.896043658866238957e+02 4.819554988278590599e+02 4.839926055993715295e+02
4.896043659234101142e+02 4.819554989343985767e+02 4.839926057353022770e+02
4.896043657813222012e+02 4.819554986682061326e+02 4.839926056200313838e+02
4.896043657081710307e+02 4.819554986188946373e+02 4.839926055396070979e+02
4.896043655624269491e+02 4.819554984835062896e+02 4.839926054681150731e+02
4.896043654657169100e+02 4.819554982801219580e+02 4.839926053439466500e+02
4.896043652153097696e+02 4.819554981861285228e+02 4.839926051924278454e+02
4.896043651230796172e+02 4.819554981952457524e+02 4.839926051992308089e+02
4.896043650958987996e+02 4.819554981767068398e+02 4.839926051410009222e+02
4.893977133309778083e+02 4.813111175824266184e+02 4.837811339968856146e+02
4.884891279503465285e+02 4.808704501642719720e+02 4.831253526232242166e+02
4.877538507268184844e+02 4.801654580398171674e+02 4.824819503826540199e+02
4.870307102084820485e+02 4.794414645654429137e+02 4.817324928065109475e+02
4.862439552073196296e+02 4.787428996802466941e+02 4.809710450768569672e+02
4.854990635020677701e+02 4.780355484482610109e+02 4.802401288996464359e+02
4.847803728699060457e+02 4.774613996304402690e+02 4.795816157235702804e+02
4.841404892513395453e+02 4.768450149715380917e+02 4.789533496374376114e+02
4.835076967300499291e+02 4.762323584813369735e+02 4.782888270081228370e+02
4.829287577419287913e+02 4.757155614311367344e+02 4.777413261368063786e+02
4.824783624466954848e+02 4.753351771209975141e+02 4.772781775945559275e+02
4.820608351150005433e+02 4.750217158817886798e+02 4.769420529095812071e+02
4.817743231823530436e+02 4.747792055237169393e+02 4.766587192269248590e+02
4.815791959568473430e+02 4.746328910233042393e+02 4.764854517887087013e+02
4.813828365557084794e+02 4.744186309046882570e+02 4.762772577832428169e+02
4.812396891008905868e+02 4.743147578724006053e+02 4.761469114951149209e+02
4.811394322344721104e+02 4.742163813199221636e+02 4.760436652431356492e+02
4.810707076562333100e+02 4.741755570960873456e+02 4.759854002078641884e+02
4.810501295899282468e+02 4.741832259433901982e+02 4.759702965853954311e+02
4.810375441373121248e+02 4.741681901209992134e+02 4.759595008865712771e+02
4.810546387056922413e+02 4.741870719016785074e+02 4.759699498717134816e+02
4.810603990209837661e+02 4.741832500338878162e+02 4.759813674051199541e+02
4.810818392173773645e+02 4.741942928138829529e+02 4.759990261691182241e+02
4.811049455341004091e+02 4.742123969374252965e+02 4.760226235423432399e+02
4.811269965473467209e+02 4.742293469734591440e+02 4.760444333892759232e+02
4.811540855672723751e+02 4.742526414642713348e+02 4.760734560203648016e+02
4.811797877254085165e+02 4.742718708072230243e+02 4.760977071442534907e+02
4.812042942096588263e+02 4.742932090992412100e+02 4.761231867897643610e+02
4.812327042306384897e+02 4.743155193114220651e+02 4.761499546286200939e+02
4.812546547417076681e+02 4.743326956977967939e+02 4.761702877965006451e+02
4.812752400111869520e+02 4.743496923094553495e+02 4.761902526681226391e+02
4.812899581361408536e+02 4.743595348449578637e+02 4.762040221266330491e+02
4.813008065212778774e+02 4.743680921375261050e+02 4.762140410453867503e+02
4.813093223847697573e+02 4.743745612512877869e+02 4.762222627766865344e+02
4.813152088580674786e+02 4.743784512132019131e+02 4.762274562342405488e+02
4.813195633626007748e+02 4.743822763558407587e+02 4.762317976383592395e+02
4.813220475797090785e+02 4.743836508402150685e+02 4.762342285551337113e+02
4.813234108774453830e+02 4.743843539621536820e+02 4.762355312161581082e+02
4.813237687213238019e+02 4.743841679909612594e+02 4.762355644542116124e+02
4.813230126165490219e+02 4.743828199024189303e+02 4.762346464889311619e+02
4.813220351481434705e+02 4.743816843860096810e+02 4.762334237403114230e+02
4.813203778419399441e+02 4.743799791015192113e+02 4.762317166102286023e+02
4.813188409302048285e+02 4.743786067394172505e+02 4.762302073479439173e+02
4.813173142716376560e+02 4.743771753148080847e+02 4.762286224367532554e+02
4.813158475254916198e+02 4.743759458414369874e+02 4.762271515660048067e+02
4.813146483192101641e+02 4.743749219105734483e+02 4.762259919163618633e+02
4.813135335072765315e+02 4.743738938568311596e+02 4.762248395289706195e+02
4.813126534573277127e+02 4.743732078300594139e+02 4.762239944223077259e+02
4.813119344366609766e+02 4.743725157034808717e+02 4.762232661645630287e+02
4.813113876693647057e+02 4.743720776691459378e+02 4.762227188183656494e+02
4.813110224002347763e+02 4.743717803239995874e+02 4.762223654478999606e+02
4.813107764258630823e+02 4.743715613977817611e+02 4.762221348260866307e+02
4.813107021001571297e+02 4.743715332291261007e+02 4.762220685534657605e+02
4.813106994938149796e+02 4.743715287937056360e+02 4.762220716039369677e+02
4.813107976686307552e+02 4.743716247863245599e+02 4.762221766039926365e+02
4.813109406986457657e+02 4.743717445411321592e+02 4.762223108577650237e+02
4.813111014538957306e+02 4.743718828790650832e+02 4.762224733310077340e+02
4.813112891903468835e+02 4.743720373605571012e+02 4.762226571446906860e+02
4.813114622713335393e+02 4.743721774286480581e+02 4.762228212817192343e+02
4.813116356116800034e+02 4.743723271586682131e+02 4.762229947170055198e+02
4.813117911703345726e+02 4.743724481481547741e+02 4.762231437692958025e+02
4.813119266964775420e+02 4.743725627769584321e+02 4.762232761956980767e+02
4.813120436812199614e+02 4.743726566867424026e+02 4.762233904787153165e+02
4.813121355000386075e+02 4.743727264781267081e+02 4.762234779100740525e+02
4.813122092266671075e+02 4.743727867895740360e+02 4.762235479447188027e+02
4.813122598743895537e+02 4.743728225605703415e+02 4.762235956716085070e+02
4.813122953563280362e+02 4.743728490852299728e+02 4.762236286164020953e+02
4.813123153461150991e+02 4.743728625169489987e+02 4.762236461988354108e+02
4.813123231336030585e+02 4.743728658842712775e+02 4.762236529910414902e+02
4.813123234987973547e+02 4.743728639248632817e+02 4.762236519392403125e+02
4.813123156983551212e+02 4.743728552973306023e+02 4.762236431056913943e+02
4.813123046157706426e+02 4.743728450368727749e+02 4.762236321235620835e+02
4.813122905010230284e+02 4.743728312274098471e+02 4.762236171595403675e+02
4.813122751635318650e+02 4.743728182759715537e+02 4.762236019558334874e+02
4.813122601815813937e+02 4.743728046333454813e+02 4.762235868860083201e+02
4.813122456862608374e+02 4.743727921049479619e+02 4.762235722875059878e+02
4.813122330049677089e+02 4.743727816463076579e+02 4.762235598967134251e+02
4.813122219356913547e+02 4.743727721489638611e+02 4.762235490256009598e+02
4.813122129459118810e+02 4.743727647754399186e+02 4.762235402175460877e+02
4.813122059363439575e+02 4.743727591295118486e+02 4.762235333996773647e+02
4.813122005916445119e+02 4.743727546056438769e+02 4.762235282764822841e+02
4.813121973369097759e+02 4.743727523601128269e+02 4.762235250754399090e+02
4.813121950302647178e+02 4.743727504508738662e+02 4.762235230333704408e+02
4.813121944118564102e+02 4.743727501052828757e+02 4.762235223826570518e+02
4.813121942891405070e+02 4.743727501939083595e+02 4.762235223957392236e+02
4.813121951616191154e+02 4.743727510231651081e+02 4.762235232592919942e+02
4.813121964249719440e+02 4.743727522360978810e+02 4.762235246162460953e+02
4.813121978614920522e+02 4.743727533539933461e+02 4.762235259700082679e+02
4.813121994400748349e+02 4.743727547821235930e+02 4.762235275417923503e+02
4.813122009799320153e+02 4.743727560027046479e+02 4.762235290540659776e+02
4.813122024872890279e+02 4.743727573545658629e+02 4.762235305457957111e+02
4.813122038474115243e+02 4.743727584611552288e+02 4.762235318752487956e+02
4.813122051587784540e+02 4.743727596217314613e+02 4.762235331999690402e+02
4.813122061960723954e+02 4.743727603593690105e+02 4.762235341747907569e+02
4.813122070799103085e+02 4.743727612140758652e+02 4.762235350404733936e+02
4.813122077359426498e+02 4.743727616704180150e+02 4.762235356763728760e+02
4.813122082265237509e+02 4.743727620316990397e+02 4.762235360615017612e+02
4.813122084678828401e+02 4.743727622056610471e+02 4.762235363799198922e+02
4.813122086623358769e+02 4.743727622298752635e+02 4.762235364792492192e+02
4.813122086361588572e+02 4.743727621640839516e+02 4.762235364389834444e+02
