-2.387943895233446412e-04 7.374201335377250643e-04 3.311540339298812974e-03
-7.471865361763363467e-05 1.966017138421150001e-03 3.180986225794102396e-03
-7.019036720107285632e-05 1.791976076284118591e-03 2.903477822158495592e-03
-6.565462706181746100e-05 1.628477985408771644e-03 2.643071209673331090e-03
-6.115717957833055607e-05 1.475661174270337384e-03 2.399123643877731915e-03
-5.609424016950192993e-05 1.328434118453736268e-03 2.168599008727012389e-03
5.902911772091012921e-04 2.493021268435868798e-03 2.066131565654272251e-03
5.261717826446354884e-04 2.234794132396022981e-03 1.859438079207631489e-03
4.673055115810842430e-04 1.996377616681366263e-03 1.667548149549946679e-03
4.132339732846879166e-04 1.776495429405611226e-03 1.489866612381596234e-03
3.636675515537035608e-04 1.574222489403087621e-03 1.325758451387715198e-03
3.183831640047318778e-04 1.388632392228417167e-03 1.174551512354460314e-03
2.770862314785405012e-04 1.218804413382623686e-03 1.035621494526073327e-03
2.395306849802270044e-04 1.063548558323690330e-03 9.083251550046078648e-04
2.054909850464636811e-04 9.220962103620999883e-04 7.920254358058098632e-04
1.747211639262502558e-04 7.937007591405365048e-04 6.861109843292467758e-04
1.470059381032395862e-04 6.775098113716016002e-04 5.899376527461752673e-04
1.221142430410937507e-04 5.727477413103310155e-04 5.028895664883625827e-04
9.984873997187504457e-05 4.786522232803624988e-04 4.243722034134034260e-04
8.002518280286752272e-05 3.944489743518131419e-04 3.538108998163425056e-04
6.245057004933274314e-05 3.194436289842839116e-04 2.906427085955787248e-04
4.694093390905651475e-05 2.529554553518664761e-04 2.343237066325665197e-04
3.332417569529289025e-05 1.941591742028458967e-04 1.843400971268671640e-04
2.143782833208263128e-05 1.424636822829894456e-04 1.401906025494392694e-04
1.112434250744032127e-05 9.727007143756072338e-05 1.014063786533014877e-04
2.243926951694952265e-06 5.802793816966911322e-05 6.752886431971028003e-05
-5.334380626942358816e-06 2.421636492333512081e-05 3.812332110331162482e-05
-1.173927454095613498e-05 -4.675727841574328636e-06 1.278852366604077417e-05
-1.708885158852035957e-05 -2.900583732057260278e-05 -8.857489159463938222e-06
-2.149336347601060737e-05 -4.940046134704889624e-05 -2.716552513781778089e-05
-2.505409543240855186e-05 -6.624414085942831321e-05 -4.246969967203195750e-05
-2.786503555007868727e-05 -7.989949003384122506e-05 -5.508070022608446692e-05
-3.001271530500559948e-05 -9.071292003925979230e-05 -6.528676326944538033e-05
-3.157668427306026260e-05 -9.900815826047182355e-05 -7.335463540447673125e-05
-3.262983257656948410e-05 -1.050846890170431536e-04 -7.953044996433789038e-05
-3.323876827454608218e-05 -1.092179072742505141e-04 -8.404058900024491408e-05
-3.346408549725898851e-05 -1.116598756243369905e-04 -8.709260956496489570e-05
-3.336974357087685306e-05 -1.126440137307893607e-04 -8.887442605887141411e-05
-3.299935987205460108e-05 -1.124154420728551429e-04 -8.956306988283646575e-05
-3.239117407860536701e-05 -1.111137073267487452e-04 -8.931264877654054857e-05
-3.158833010735717650e-05 -1.089092744778197286e-04 -8.826524880367614401e-05
-3.049495377160926779e-05 -1.108294867958603547e-04 -8.906472662806308449e-05
-2.940382066773938874e-05 -1.072675287848712244e-04 -8.679539981737427468e-05
-2.821510967088158850e-05 -1.032214707927803232e-04 -8.407437375601567453e-05
-2.695361788529471170e-05 -9.879925778277787174e-05 -8.099281373175060139e-05
-2.564069790228495904e-05 -9.409479888222715971e-05 -7.763155672257937567e-05
-2.429629767425334208e-05 -8.919193195611185843e-05 -7.406191602676859276e-05
-2.293675294740005199e-05 -8.416368252051054100e-05 -7.034647910042490793e-05
-2.157617801773481503e-05 -7.907313278010530411e-05 -6.653982000692781895e-05
-2.022671867113468025e-05 -7.397489589289207856e-05 -6.268915885421222356e-05
-1.889868007420858476e-05 -6.891522064644828305e-05 -5.883507174864188727e-05
-1.760059874289510162e-05 -6.393304249374676118e-05 -5.501212247049913628e-05
-1.633950978707776613e-05 -5.906088704354939267e-05 -5.124943836598561120e-05
-4.691090466091285549e-05 -4.791130827286327332e-05 -4.502070354150955467e-05
-4.359460775515966446e-05 -4.185892910091304486e-05 -4.144902512637216319e-05
-4.041172478652654831e-05 -3.594311939836281056e-05 -3.798098516516468237e-05
-3.737250923263601976e-05 -3.020121589580870847e-05 -3.463410112025666621e-05
-3.448277931367149662e-05 -2.463547392850262696e-05 -3.141769744841038658e-05
-3.174538567252138677e-05 -1.927621667596746136e-05 -2.834147227503969191e-05
-2.916170310318655368e-05 -1.416307142543260511e-05 -2.541400822730910392e-05
-2.673144862147536216e-05 -9.305699702033543019e-06 -2.263879454200701247e-05
-2.445319859523120698e-05 -4.704592184934242027e-06 -2.001733401768568399e-05
-2.232410258817818516e-05 -3.673697427375444136e-07 -1.755023935567923132e-05
-2.034079426599388896e-05 3.708056128925996120e-06 -1.523608835130030315e-05
-1.849890673832899068e-05 7.528122708433393484e-06 -1.307217601276278174e-05
-1.679349542743624468e-05 1.109411275845850753e-05 -1.105529862366338989e-05
-1.521922025321531535e-05 1.441237418453589214e-05 -9.181306690919655011e-06
-1.377035381883162657e-05 1.749053352417817564e-05 -7.445379603066015761e-06
-1.244092872987323517e-05 2.033721164751423061e-05 -5.842189904070593798e-06
-1.122481358534210827e-05 2.296183757999337161e-05 -4.366034382030647976e-06
-1.011580625326358174e-05 2.537440176786365242e-05 -3.010943305681301752e-06
-9.107675173203322316e-06 2.758531591184887333e-05 -1.770765139741392602e-06
-8.194245679493672441e-06 2.960519627004387644e-05 -6.392656448639399969e-07
-7.369425052083933281e-06 3.144479244898690240e-05 3.898242616484637324e-07
-6.627247760349064265e-06 3.311482463341786087e-05 1.322733329867098462e-06
-5.961926042241660895e-06 3.462590982961089026e-05 2.165606871606939876e-06
-5.367843102066505168e-06 3.598848374042340481e-05 2.924463723408265992e-06
-4.839609155871116286e-06 3.721273224144283631e-05 3.605163117259557737e-06
-4.372049848044845533e-06 3.830852488484470797e-05 4.213376397776968929e-06
-3.960233813382618706e-06 3.928540520570233952e-05 4.754565044229330795e-06
-3.599478643812048517e-06 4.015250804489944869e-05 5.233963469630786847e-06
-3.285343805170537479e-06 4.091860776200828553e-05 5.656570087220202936e-06
-3.013644783000923866e-06 4.159202137921091946e-05 6.027132586461370067e-06
-2.780450002626277950e-06 4.218065621841571300e-05 6.350153383571921495e-06
-2.582077481827482757e-06 4.269197448492079161e-05 6.629873730013002842e-06
-2.415078897699540761e-06 4.313300910552264611e-05 6.870289393834383418e-06
-2.276259837508121109e-06 4.351035122596158544e-05 7.075137802070585735e-06
-2.162635363123222021e-06 4.383018746656475173e-05 7.247918204500436445e-06
-2.071461176977873464e-06 4.409826101425817768e-05 7.391887383634276887e-06
5.408427998067881770e-01 -1.532928533957712558e-01 1.228951900704409184e-01
-1.101301043804348012e-05 1.649206521159296557e-05 2.156435314835669637e-03
-4.677237065298101015e-05 -2.997009588745491726e-05 1.118675654720235890e-03
-9.758102145207558920e-07 -1.130183488203817532e-04 1.148848797533852384e-03
-1.724376144485173512e-05 -7.183219472828294982e-05 1.060191449120839735e-03
-1.023896694974935073e-04 3.962999354685248221e-04 1.826585851295359220e-03
-9.173535964812629118e-05 3.637894926443729915e-04 1.685479548164448005e-03
-8.455624424719143661e-05 3.355607394238679930e-04 1.554489904776579223e-03
-7.703913666157191642e-05 3.110339943322992795e-04 1.435954730699351423e-03
-6.949336680939222077e-05 2.868305545253857503e-04 1.321645122659975691e-03
-6.185101338673781868e-05 2.642783006524540568e-04 1.211660722578500327e-03
-5.385323239781580895e-05 2.422009600085983649e-04 1.105726423777930734e-03
-4.749619901800450350e-05 2.212483314563140624e-04 1.006712533086595585e-03
-4.109171686994539385e-05 2.014732880007974458e-04 9.124443150299033078e-04
-3.487895831610909880e-05 1.834807202730770470e-04 8.231219195068417704e-04
-2.916219989079760211e-05 1.660165230942256542e-04 7.397257202352847116e-04
-2.377509032880364970e-05 1.496611174147677303e-04 6.617313119092749218e-04
-3.071372313601106185e-05 1.331030588205273091e-04 5.826140226690146307e-04
1.623729653288386032e-05 3.407201675813542607e-04 5.551871098828931039e-04
1.790085713460065620e-05 3.015178272335328202e-04 4.889729383358298875e-04
1.955140272313915517e-05 2.656828888376594477e-04 4.281211837736664805e-04
2.112231877626769005e-05 2.329974364719822333e-04 3.723831411852618345e-04
2.261049407914494935e-05 2.032940622768153460e-04 3.215100600167941636e-04
2.182645660941950894e-05 1.817743587836373464e-04 2.759882760893228593e-04
2.334465744280311839e-05 1.577852646653665758e-04 2.339804867421690915e-04
2.475813481084276901e-05 1.362497345442914565e-04 1.961014617998246834e-04
2.607213931382634797e-05 1.170119928006752019e-04 1.621002915919156351e-04
2.728084763115035116e-05 9.990383311775374864e-05 1.317195540830873313e-04
2.838886030265275195e-05 8.476487351694039774e-05 1.047125676293392260e-04
2.939394303802522757e-05 7.144642984757698656e-05 8.083458877616855887e-05
3.030240679580131768e-05 5.980542164008006978e-05 5.985084708781673868e-05
3.111604695416048116e-05 4.969911859964426526e-05 4.153298994569176728e-05
3.183923447935832485e-05 4.099400100121552981e-05 2.566182903696034856e-05
3.247688208674048838e-05 3.356359234052419538e-05 1.202737491556860050e-05
3.303410585875354855e-05 2.728835739551627171e-05 4.293021477197456193e-07
3.351621535752080661e-05 2.205554041978530222e-05 -9.322598175653951103e-06
3.392862954132436215e-05 1.775939207504517725e-05 -1.740819029205642465e-05
3.427682029888412529e-05 1.430097920862571925e-05 -2.399675902642339764e-05
3.456623394926250370e-05 1.158825880342995163e-05 -2.924697184125690796e-05
3.480227873553509710e-05 9.535831898110913585e-06 -3.330691440295296957e-05
3.499022604147583593e-05 8.064788250217169718e-06 -3.631426511219171260e-05
3.513513789143996036e-05 7.102509831158343445e-06 -3.839641883962574553e-05
3.524191264148157643e-05 6.582399094567925601e-06 -3.967088056722190004e-05
3.531514431065474469e-05 6.443620403473460101e-06 -4.024551509418383688e-05
3.535913243124522154e-05 6.630636356530494879e-06 -4.021893996319914066e-05
3.537788562624211153e-05 7.093270172786603212e-06 -3.968094601447536007e-05
3.537503781880779741e-05 7.785987902186874976e-06 -3.871296605695295767e-05
3.535395727838341884e-05 8.667912723026027777e-06 -3.738845533940438060e-05
3.531766106623646095e-05 9.702437067882208055e-06 -3.577342658855897639e-05
3.526886100180259831e-05 1.085677060042034014e-05 -3.392688224768125593e-05
3.521001503403731192e-05 1.210202880774779999e-05 -3.190126562568895707e-05
3.514325104891913298e-05 1.341259850540232890e-05 -2.974298942859388006e-05
3.507046773609800994e-05 1.476610085460183797e-05 -2.749278666136500959e-05
3.499330222311858307e-05 1.614300216701280988e-05 -2.518625944258889859e-05
3.491324811011331519e-05 1.752655423614690733e-05 -2.285421641090579215e-05
3.483150356475839260e-05 1.890227695233726024e-05 -2.052313656042414891e-05
3.474918463264309310e-05 2.025803586802599199e-05 -1.821552858316533019e-05
3.466717438094235604e-05 2.158361547288656368e-05 -1.595035116330745240e-05
3.458623245078396025e-05 2.287068877848685844e-05 -1.374324825254014115e-05
3.450699568552373364e-05 2.411251848355444594e-05 -1.160705338465461978e-05
3.442957700661164466e-05 2.530378154896872900e-05 -9.551924207151785140e-06
3.435458401701563247e-05 2.644046665878363456e-05 -7.585753878380785409e-06
3.428286523365908778e-05 2.751962293812137972e-05 -5.714376087762040868e-06
3.421458600061377808e-05 2.853929957624679048e-05 -3.941852587341365677e-06
3.414989430972070750e-05 2.949845923827520977e-05 -2.270649045676975675e-06
3.408889656275615465e-05 3.039680448424508796e-05 -7.019052953305404685e-07
3.403161840986879128e-05 3.123465973231542847e-05 7.644126226447056638e-07
3.397807059690727272e-05 3.201292152033019534e-05 2.129340410217395174e-06
3.392791427925256897e-05 3.273295767480810525e-05 3.394737252637725078e-06
3.388095442913297006e-05 3.339644398936414404e-05 4.563155672432372967e-06
3.383748964436161799e-05 3.400532206310202810e-05 5.637712623185464622e-06
3.379735639974512651e-05 3.456186186701071250e-05 6.621951559759864381e-06
3.376048269199127816e-05 3.506840098232988367e-05 7.519783216780595581e-06
3.372672579293745088e-05 3.552750919610936364e-05 8.335378192003695119e-06
3.369595445745776630e-05 3.594177755439353916e-05 9.073068585441212974e-06
3.366799511728135741e-05 3.631392232739116821e-05 9.737389044528477200e-06
3.364272429240422468e-05 3.664651716983602370e-05 1.033267642858159974e-05
3.361996687512025517e-05 3.694218450422948052e-05 1.086343168965608896e-05
3.359957184290163212e-05 3.720369137627521638e-05 1.133428311617112882e-05
3.358139215714484038e-05 3.743350867146943983e-05 1.174947721849228799e-05
3.356526612208199367e-05 3.763416558311138971e-05 1.211332502881745654e-05
3.355102308610913298e-05 3.780804230246737063e-05 1.242992493466488213e-05
3.353856729981785634e-05 3.795742181256223091e-05 1.270325940361249906e-05
3.352771924858277686e-05 3.808454182707698976e-05 1.293710347760601564e-05
3.351833452847063910e-05 3.819146495565028943e-05 1.313509466183138130e-05
3.351032047538282654e-05 3.828015771156767499e-05 1.330063769355849246e-05
3.350351062414436143e-05 3.835247177108591643e-05 1.343696691458173831e-05
3.349783317163623764e-05 3.841017310501904092e-05 1.354711792633800371e-05
3.349311893086071024e-05 3.845485722975272580e-05 1.363392358577630858e-05
3.348935031732835910e-05 3.848801942230029027e-05 1.370000995914999464e-05
3.348634340538669818e-05 3.851108971286709703e-05 1.374783715724081645e-05
3.348407002312647762e-05 3.852533130987989551e-05 1.377964097482031747e-05
3.348240530609558618e-05 3.853190442171250396e-05 1.379752315500137883e-05
3.348128867697308664e-05 3.853191441871572920e-05 1.380337967993305881e-05
3.348065192254612299e-05 3.852631198364431242e-05 1.379893904340789845e-05
3.348042541051476917e-05 3.851606968230392170e-05 1.378584979094821250e-05
3.348054321017368551e-05 3.850177824793465930e-05 1.376531308316941704e-05
3.348098345667960274e-05 3.848441048781570117e-05 1.373886944244784303e-05
3.348166336136770838e-05 3.846447394117991081e-05 1.370756145069318421e-05
3.348254197210742689e-05 3.844256119311939557e-05 1.367242060490436728e-05
3.348360024457708306e-05 3.841917901747926578e-05 1.363437479684481701e-05
3.348478563069967606e-05 3.839482101586355611e-05 1.359421889013390228e-05
3.348607443409701290e-05 3.836976550564141775e-05 1.355263393143513184e-05
3.348743603603931973e-05 3.834446750750064581e-05 1.351027170548579903e-05
3.348884713860744711e-05 3.831913962226707326e-05 1.346763926945993006e-05
3.349027924071101836e-05 3.829406188027295599e-05 1.342519357838689587e-05
3.349172992161975060e-05 3.826948823704157121e-05 1.338340183187902710e-05
3.349316858070050529e-05 3.824542933794639055e-05 1.334235189898169693e-05
3.349459858548176072e-05 3.822215970605835622e-05 1.330252159803535505e-05
3.349599624424826061e-05 3.819979859931432742e-05 1.326408211010932092e-05
-2.767447426468104821e-01 -5.399498748820371619e-01 -2.145800527540874247e-01
9.294315219798843231e-05 7.304359191057097078e-05 -1.986505293403939554e-03
1.641164907417724805e-06 2.901274458644298448e-05 -2.011015782501957005e-03
7.462338867358919714e-05 4.295118615796345019e-05 -1.849059936702257545e-03
9.795429292358548423e-06 1.442901434177690234e-04 -2.291982861812091876e-03
4.772830678001493965e-05 2.010047032469930439e-04 -1.708497811421127999e-03
4.234026248506328471e-05 9.793300687066519572e-05 -2.031702169792648505e-03
-2.832603898494934214e-05 1.140417901105972298e-04 -1.781171485147559075e-03
-8.100116430242998433e-05 1.137490535667584624e-04 -1.898221041222836192e-03
1.380117990026352714e-04 8.453937749394735413e-05 -2.243381329109284117e-03
8.876531532431286564e-05 7.563459623774471119e-05 -1.693232123828769531e-03
8.369729180945917335e-05 6.412692981339063181e-05 -1.608746406675853891e-03
8.706286908100047128e-05 5.142261693069638540e-05 -1.619907371685158637e-03
8.644691059034315117e-05 1.867476733002915168e-05 -1.537327473058569538e-03
6.110267306702610313e-05 8.494613414664065054e-05 -1.479475621642634131e-03
7.581282700164226895e-05 2.593592052594628772e-04 -1.592763430385835122e-03
6.891526731589436849e-05 2.364058751228026445e-04 -1.455496749186879768e-03
1.101732794216436773e-04 -1.017497928759714121e-05 -1.847901240393134970e-03
1.009823113461427724e-04 -1.117593363450519739e-05 -1.685055712949967699e-03
1.197690698458986347e-04 -3.871933859964926672e-04 -1.712175597802789717e-03
1.097972507048128321e-04 -3.537526129318291357e-04 -1.555716018226016573e-03
1.003061845803454588e-04 -3.226918562702352222e-04 -1.410550617698902442e-03
9.142715420207281340e-05 -2.938960756723174583e-04 -1.276173857472251427e-03
8.316928913121302003e-05 -2.672753811090444742e-04 -1.152069132820732200e-03
7.551892064339149613e-05 -2.427331593464476800e-04 -1.037702111470917288e-03
6.845288114576408844e-05 -2.201672647743624367e-04 -9.325184624110471887e-04
6.221641253101317659e-05 -2.004429032673726851e-04 -8.358658071156988001e-04
5.624236417134387267e-05 -1.815341276510118451e-04 -7.474402446718819704e-04
5.076562958861163821e-05 -1.642497609233850575e-04 -6.665862692346591345e-04
4.575318001165395998e-05 -1.484801908169242068e-04 -5.927927974830327074e-04
1.668930553588854337e-05 -3.620407273628445388e-04 -5.544428622032970821e-04
1.517863487632276076e-05 -3.235626128189061923e-04 -4.902813769482872175e-04
1.370234845621265407e-05 -2.888026299301404975e-04 -4.320674002958879711e-04
1.234242793446416186e-05 -2.573669602618788854e-04 -3.793295190406276163e-04
1.109699046186740645e-05 -2.289528705021748323e-04 -3.316324178234131281e-04
6.671706234917529343e-06 -2.046499298433979153e-04 -2.890754445088461466e-04
5.346030016228908721e-06 -1.818271931348924841e-04 -2.502952163641047889e-04
4.128208726750237645e-06 -1.613645004637231928e-04 -2.154464412947865171e-04
3.006850370690372642e-06 -1.430490151770047458e-04 -1.842021246285518998e-04
1.951284472334613440e-06 -1.266848273508147660e-04 -1.562553949552292210e-04
9.860469346589795236e-07 -1.121076265393483595e-04 -1.313203940340734732e-04
1.070363712107891274e-07 -9.915710942867694833e-05 -1.091316591036450845e-04
-6.912245479329115483e-07 -8.768287225621729242e-05 -8.944385793530074125e-05
-1.409728088153094916e-06 -7.757610695954819668e-05 -7.203173173442323218e-05
-2.044397619305193814e-06 -6.880674400458475226e-05 -5.669894297866129307e-05
-2.613958458907994498e-06 -6.111400293290492058e-05 -4.323089714430849995e-05
-3.122866732985229987e-06 -5.439734218690150946e-05 -3.144906796503921242e-05
-3.575650629250581858e-06 -4.856274104858560037e-05 -2.118890691160668638e-05
-3.976685417517167309e-06 -4.352298335674742447e-05 -1.229905527122543418e-05
-4.330275270247874175e-06 -3.919752095921102963e-05 -4.640644468811849777e-06
-4.640499756680682708e-06 -3.551214781505329654e-05 1.913993081137377317e-06
-4.911276778707396318e-06 -3.239871191978993537e-05 7.481225972716387673e-06
-5.146281494505799969e-06 -2.979489873591867344e-05 1.216767497180804014e-05
-5.342883465986325575e-06 -2.765482631686411175e-05 1.607043283868847539e-05
-5.482199668560561179e-06 -2.596706771815227022e-05 1.927785420441363584e-05
-5.598940808315688855e-06 -2.462700994948496813e-05 2.187069493542193044e-05
-5.695525649440646987e-06 -2.359242774002678900e-05 2.392181039689855737e-05
-5.774092760701954319e-06 -2.282509323181525218e-05 2.549726998557488855e-05
-5.836689801475003492e-06 -2.229066481906905040e-05 2.665676650481785259e-05
-5.885117081882995649e-06 -2.195814256988892765e-05 2.745419093519441134e-05
-5.921076804082936462e-06 -2.179968410509491861e-05 2.793796881561672052e-05
-5.946121639732737663e-06 -2.179031141383291903e-05 2.815181215609641185e-05
-5.961630187178990070e-06 -2.190772854115952128e-05 2.813478235819122375e-05
-5.968888459162435822e-06 -2.213200905257228790e-05 2.792164372078520529e-05
-5.969022959129155481e-06 -2.244541800264232556e-05 2.754362629941997653e-05
-5.963126037733523788e-06 -2.283218809212561595e-05 2.702840079893409353e-05
-5.952076181814369704e-06 -2.327843962957043544e-05 2.640054783697998175e-05
-5.936727777378081328e-06 -2.377186307220280348e-05 2.568178796402698083e-05
-5.917841878977370129e-06 -2.430160259578317827e-05 2.489125032045791386e-05
-5.896071172850625430e-06 -2.485829958853713606e-05 2.404572149838912765e-05
-5.872015080399251019e-06 -2.543368318505545567e-05 2.315983609768590412e-05
-5.846177745794101099e-06 -2.602056143802267130e-05 2.224657565930154846e-05
-5.819020201247582236e-06 -2.661282113300411645e-05 2.131678488503929714e-05
-5.790954668016823348e-06 -2.720520882229515713e-05 2.038004414883776150e-05
-5.762313310953004475e-06 -2.779317691103955212e-05 1.944452620117331776e-05
-5.733414427666616575e-06 -2.837299948937888061e-05 1.851711170530734307e-05
-5.704502492820395787e-06 -2.894149498205988991e-05 1.760360301972241359e-05
-5.675790588188789343e-06 -2.949610144267755807e-05 1.670882754389868552e-05
-5.647481744253113334e-06 -3.003469144741144348e-05 1.583675313088228620e-05
-5.619721405780708778e-06 -3.055562520723476005e-05 1.499056763909489831e-05
-5.592619994776448777e-06 -3.105758760890697801e-05 1.417269029113654710e-05
-5.566315000815613701e-06 -3.153966275157293886e-05 1.338529429517620883e-05
-5.540864876030227038e-06 -3.200117104007471625e-05 1.262954827163653704e-05
-5.516336445188230186e-06 -3.244175966352069729e-05 1.190646593207667081e-05
-5.492776570359403365e-06 -3.286124572648985165e-05 1.121660759306752908e-05
-5.470229830772943558e-06 -3.325955220362386555e-05 1.056021640821747098e-05
-5.448686298703542263e-06 -3.363689639576672441e-05 9.937208332311264769e-06
-5.428193818546311888e-06 -3.399362221886970126e-05 9.347204357301741595e-06
-5.408726058031554373e-06 -3.433007511971508663e-05 8.789933247155268248e-06
-5.390286080153572357e-06 -3.464673449876665146e-05 8.264472060814931353e-06
-5.372848402740437734e-06 -3.494424012734365093e-05 7.770098233828015566e-06
-5.356393110722557083e-06 -3.522324020371891962e-05 7.305770844734382763e-06
-5.340908388551390829e-06 -3.548429660196750213e-05 6.870738628927952618e-06
-5.326374918790399704e-06 -3.572827482345442007e-05 6.463569394155044279e-06
-5.312723655559459246e-06 -3.595577989509712857e-05 6.083468557904758711e-06
-5.299966623573126867e-06 -3.616763527597433026e-05 5.729011076649470624e-06
-5.288036713624322260e-06 -3.636454253344578724e-05 5.399104419212541472e-06
-5.276926549280247514e-06 -3.654726823595910723e-05 5.092542352702622566e-06
-5.266561346251030784e-06 -3.671663102594591166e-05 4.808146574664107220e-06
-5.256944375919836432e-06 -3.687330449170245217e-05 4.544629117586573841e-06
1.999960319980140788e-01 4.655309820154607259e-01 2.489262110459311561e-02
-4.329247529667457073e-04 1.031870098024301186e-03 4.848510536200389964e-03
-3.167971745398068251e-04 9.925464152442664556e-04 4.642486692693403860e-03
-2.941155831704955759e-04 9.481425787863928534e-04 4.406100472928220491e-03
-2.778453889701326673e-04 8.965738602304540450e-04 4.165571118944333406e-03
-6.631187210393019171e-05 2.565289897830780319e-03 4.097396418535459439e-03
-6.498927220432992868e-05 2.405269005688381867e-03 3.850577660226450760e-03
-6.237854814927779046e-05 2.249490881020443922e-03 3.608082892379793627e-03
-5.949162210283631680e-05 2.097761868993575085e-03 3.371256964317503879e-03
-5.664732794641302860e-05 1.951105183100931839e-03 3.141250234617865011e-03
-5.863931685345935563e-05 1.809096117171615781e-03 2.917313952395250709e-03
-5.541283671617325268e-05 1.673062838795202900e-03 2.703196381912076340e-03
8.048908174228541768e-04 3.231131589049085484e-03 2.625669651377782188e-03
7.371786172415406568e-04 2.970102699947019254e-03 2.421704231942989338e-03
6.737564414643903987e-04 2.722668923819782094e-03 2.227261636107980003e-03
6.141535294191813321e-04 2.488541192181781270e-03 2.042534858219480220e-03
5.581803482597180732e-04 2.267653034573768878e-03 1.867573467669192411e-03
5.057973772953916480e-04 2.059883417206753720e-03 1.702367817185468368e-03
4.566244511248207516e-04 1.864818019151281980e-03 1.546870525294452570e-03
4.110407652855307958e-04 1.682463601000327991e-03 1.400894792189188998e-03
3.689178274400850555e-04 1.512714012044336087e-03 1.264290758032249329e-03
3.297830293452763684e-04 1.354638447317313421e-03 1.136830464806837249e-03
2.936567541230727940e-04 1.208075719529078107e-03 1.018252832439170419e-03
2.604043125331578779e-04 1.072590367204084849e-03 9.082652573586535993e-04
2.298849061203034339e-04 9.477157792270318737e-04 8.065488055198910544e-04
2.019586208337198485e-04 8.329678613692159672e-04 7.127653839279490811e-04
1.764852697098140411e-04 7.278504602804547474e-04 6.265611784602720391e-04
1.533245347069556175e-04 6.318619005410974765e-04 5.475717707168481496e-04
1.323340076098133977e-04 5.444942908107153201e-04 4.754258850220294264e-04
1.133798016610398918e-04 4.652493727990147931e-04 4.097488491877632200e-04
9.632300629780488066e-05 3.936193609743732225e-04 3.501657902839072634e-04
8.104322411517372871e-05 3.291189607057543043e-04 2.963046111515987846e-04
6.741069172810920662e-05 2.712614160391702001e-04 2.477983850786014131e-04
5.529600467735207303e-05 2.195831449934848578e-04 2.042875093540841291e-04
4.458009212660041243e-05 1.736273937151810998e-04 1.654216236282035624e-04
3.515121500341500393e-05 1.329579885416265483e-04 1.308610878033578118e-04
2.690356069590116306e-05 9.715749791372463307e-05 1.002782859698125861e-04
1.973482247763502784e-05 6.582419154355090285e-05 7.335864570578998212e-05
1.354929884345157376e-05 3.857766835624332202e-05 4.980139316024256857e-05
8.262075839149396472e-06 1.505700240500562614e-05 2.932019631585180974e-05
3.789916255603209549e-06 -5.079215297798533868e-06 1.164348285231930902e-05
4.666126496299938253e-08 -2.214991901627882953e-05 -3.485182100693151597e-06
-3.043157780990846106e-06 -3.645819542319461704e-05 -1.630746449499120843e-05
-5.548404236055404226e-06 -4.828433074699489680e-05 -2.704982623424889709e-05
-6.100290316668477431e-06 -5.666386291725000746e-05 -3.589132581327536542e-05
-7.616859820203103482e-06 -6.428493666343904067e-05 -4.309264705992799094e-05
-8.728450854533775782e-06 -7.015455179526508545e-05 -4.880615805191723666e-05
-9.485310785928291466e-06 -7.447994079834430181e-05 -5.320112965767620494e-05
-9.933421969865463552e-06 -7.745138803350037904e-05 -5.643370346153364636e-05
-1.011472595424667276e-05 -7.924318511343120264e-05 -5.864735789362640617e-05
-1.006733539610227268e-05 -8.001438593774334862e-05 -5.997348005482017186e-05
-9.825793832574092335e-06 -7.990964357784680061e-05 -6.053197902589069201e-05
-9.421257556763151797e-06 -7.906005663060877708e-05 -6.043189211879518297e-05
-8.881727943332862196e-06 -7.758399005997063114e-05 -5.977202075324594688e-05
-8.232232539651107572e-06 -7.558788191563969860e-05 -5.864154418111500178e-05
-7.491501136769329605e-06 -7.316875021567970094e-05 -5.712076521602327261e-05
-6.682481566766540482e-06 -7.040999972651729166e-05 -5.528135848120729889e-05
-5.822669922661560804e-06 -6.738707687770073562e-05 -5.318732804882042586e-05
-4.927360655493373542e-06 -6.416653297569574477e-05 -5.089544943626123086e-05
-4.009937671689556282e-06 -6.080684536624580971e-05 -4.845584439350236750e-05
-3.081960328832344942e-06 -5.735901662773379428e-05 -4.591250942931335288e-05
-2.153391116088698709e-06 -5.386729974132808962e-05 -4.330383536266246836e-05
-1.232674922468923739e-06 -5.036971550487212568e-05 -4.066308734662626989e-05
-3.269588593202144011e-07 -4.689870398444373478e-05 -3.801886545007349127e-05
5.578285123819526348e-07 -4.348161847578246864e-05 -3.539554609255368689e-05
1.416825879174687941e-06 -4.014127645568521530e-05 -3.281368681407048626e-05
2.246120380910987535e-06 -3.689638107629011898e-05 -3.029041030278012414e-05
3.042671793851425832e-06 -3.376199634108623115e-05 -2.783975762532531206e-05
3.804165372933709932e-06 -3.074994217755477877e-05 -2.547302519240179919e-05
4.528962257555058102e-06 -2.786919130703946479e-05 -2.319906609438149303e-05
5.215992007756575788e-06 -2.512617189120991412e-05 -2.102458295960563106e-05
5.864686687173659152e-06 -2.252512833156306016e-05 -1.895437834287250212e-05
6.474910746678830264e-06 -2.006836637702402726e-05 -1.699159410395445491e-05
7.046889493378394320e-06 -1.775657807423502987e-05 -1.513794235996623883e-05
7.581166361791957797e-06 -1.558901972731341345e-05 -1.339388835541743816e-05
8.078539040834442631e-06 -1.356376144456827859e-05 -1.175884261539472675e-05
8.540017464198079722e-06 -1.167789366329774481e-05 -1.023132277289118264e-05
8.966781191555028840e-06 -9.927666813291935455e-06 -8.809090740635738825e-06
9.359981954837337526e-06 -8.308993259875663284e-06 -7.489353979095447755e-06
9.721583482003026688e-06 -6.815934286530378472e-06 -6.268585710178520287e-06
1.005254336694516581e-05 -5.444156677025802082e-06 -5.143215673908407837e-06
1.035459232179292144e-05 -4.187683492418159403e-06 -4.109138417862645554e-06
1.062931534367983488e-05 -3.040685345956362085e-06 -3.162084676100462843e-06
1.087829787393967962e-05 -1.997200565373447034e-06 -2.297639535520090703e-06
1.110313608976287725e-05 -1.051220187453516530e-06 -1.511296381817572865e-06
1.130538931048974405e-05 -1.967745388853359145e-07 -7.985170266122665339e-07
1.007333530422815926e-05 -6.016128082375615804e-07 -1.840906999062141836e-07
1.023525218468712694e-05 8.700177822618115897e-08 3.942031813197743872e-07
1.037895867095350866e-05 7.012533829175993105e-07 9.123437881841667263e-07
1.050589175932703512e-05 1.246777018404365833e-06 1.374560565925442290e-06
1.061742995189796090e-05 1.728910495102375933e-06 1.785019565714307532e-06
1.071486242387731380e-05 2.152739950300741611e-06 2.147727475421135068e-06
1.079940828652148355e-05 2.523132904830305279e-06 2.466524681499215887e-06
1.087222197559967185e-05 2.844693615999815961e-06 2.745069257570342813e-06
1.093440218347119242e-05 3.121798965555200311e-06 2.986847123964686546e-06
1.098696223356121493e-05 3.358567669087264562e-06 3.195144487544432366e-06
1.103085911879908565e-05 3.558867768149731603e-06 3.373071858270293433e-06
1.106699036479419362e-05 3.726322266084380885e-06 3.523541515670913782e-06
1.109618480743534974e-05 3.864308303458408034e-06 3.649285116202882762e-06
1.111921454499675832e-05 3.975966733849034540e-06 3.752847843485618284e-06
-6.617770232177452305e-01 2.485698242094172006e-01 -4.752448034021603540e-01
1.405122148990800568e-04 -9.321455243097576115e-04 -4.183686568819511287e-03
2.631167218450913836e-04 -8.530041810226318688e-04 -3.973184555626285697e-03
2.538623121801919513e-04 -8.012061501352363280e-04 -3.766187697597567219e-03
2.384207785283143366e-04 -7.565165314672439578e-04 -3.554294425720971873e-03
2.277955486609528624e-04 -7.151866822197039397e-04 -3.340065112211243470e-03
2.132541006329424782e-04 -6.709462642424668388e-04 -3.132356829445626101e-03
1.993857033753543284e-04 -6.278097037263341562e-04 -2.929366333879440676e-03
1.857531828609593205e-04 -5.860520738059094015e-04 -2.732732426978939921e-03
1.724901438090453709e-04 -5.451313372670796298e-04 -2.542887666803106406e-03
1.599265832093466067e-04 -5.068376078273262308e-04 -2.360910731805138107e-03
3.825338618568263627e-05 -1.415666197315479380e-03 -2.292564058492735368e-03
3.543812468842499896e-05 -1.307003005486251368e-03 -2.120077607303483269e-03
3.246928137565219252e-05 -1.204257394902263911e-03 -1.956483549922671816e-03
2.962964736258344445e-05 -1.107294765955502136e-03 -1.801791052983087171e-03
2.692385589178614147e-05 -1.016030205155615818e-03 -1.655945184873330867e-03
2.435775798589889796e-05 -9.302803907471624001e-04 -1.518823750948278262e-03
2.191901773443416523e-05 -8.500255689675162429e-04 -1.390258568581798082e-03
1.960881525636670730e-05 -7.750741320781129318e-04 -1.270018172020048741e-03
1.743391783823322605e-05 -7.052543615807538302e-04 -1.157825142724361323e-03
1.538736261588735665e-05 -6.403514529085274631e-04 -1.053383988645656411e-03
1.345933853216796372e-05 -5.801283981182736582e-04 -9.563783732602915144e-04
1.164994508914829474e-05 -5.243767390562537045e-04 -8.664672036058085336e-04
9.957361094686811853e-06 -4.728697020033312270e-04 -7.833013221778262203e-04
8.379282349424421739e-06 -4.253787262603614394e-04 -7.065265327827197073e-04
6.901474024295639609e-06 -3.816726892584831887e-04 -6.358015835114805281e-04
5.524362546721617306e-06 -3.415300687857891759e-04 -5.707703490469007157e-04
4.242222095551806405e-06 -3.047312470826346598e-04 -5.110889347726133014e-04
6.864646395543516633e-06 -2.759110243267803853e-04 -4.531498127544053567e-04
5.756811514739945679e-06 -2.451586126125393506e-04 -4.031700347459921119e-04
4.721848400973671644e-06 -2.171211592020272363e-04 -3.575630517432260014e-04
3.516015208981926321e-06 -1.946727756080290916e-04 -3.160644177206961558e-04
-9.904029315765949804e-05 -3.345518185080553764e-04 -2.967908812770703175e-04
-8.870991247383885892e-05 -2.912086431906546480e-04 -2.607922113451732749e-04
-7.934678482171553249e-05 -2.521323019182286629e-04 -2.282555870682934085e-04
-7.089423768535940695e-05 -2.169693833142805062e-04 -1.988114260645934550e-04
-6.328733695018518013e-05 -1.853922796817286667e-04 -1.722570722827998502e-04
-5.651621692645547590e-05 -1.570734827095465747e-04 -1.484728283298042406e-04
-5.046515649434479833e-05 -1.317764061304904644e-04 -1.271413629836681825e-04
-4.506817655874906237e-05 -1.092393320020201841e-04 -1.080590459890118371e-04
-4.026393883779788574e-05 -8.923188121956471264e-05 -9.103593814838162324e-05
-3.599424167069487090e-05 -7.152701889379109446e-05 -7.589473140834357423e-05
-3.220434113881953664e-05 -5.591604016641493757e-05 -6.247065102479854026e-05
-2.895334759769885302e-05 -4.229942229694305666e-05 -5.059683556402072568e-05
-2.614623373284330476e-05 -3.045423365699573282e-05 -4.013749261075338914e-05
-2.371406068790715693e-05 -2.019317611146043134e-05 -3.096442292063739110e-05
-2.160304185297445834e-05 -1.113432835286864986e-05 -2.295420791820212969e-05
-1.977845882755735474e-05 -3.129762048859063839e-06 -1.599297824325662809e-05
-1.822457763500651140e-05 3.738179426227006275e-06 -9.977634678748348307e-06
-2.600542574909825433e-05 -1.392766753560703563e-05 -8.495383342910223234e-06
-2.498097101769070072e-05 -8.795777755143951993e-06 -4.135800639210041041e-06
-2.420664148294893181e-05 -4.752292698806392934e-06 -4.882129755745534538e-07
-2.308728291716688474e-05 -8.691204043120848155e-07 2.755504205420589159e-06
-2.233679103988417403e-05 2.073833119009549364e-06 5.370393679815510524e-06
-2.174688511530353807e-05 4.654802109205213867e-06 7.480519866348567248e-06
-2.127501110318896771e-05 6.818163210353667125e-06 9.169696004063254691e-06
-2.092182929985808570e-05 8.546649680640783231e-06 1.048359244418262115e-05
-2.065092144884483893e-05 1.001016499357909595e-05 1.147310222768260779e-05
-2.046475860714713768e-05 1.119346447020497237e-05 1.217589365201665608e-05
-2.036436163305177516e-05 1.204876810956267974e-05 1.262633269108470735e-05
-2.033630670930652862e-05 1.260612979525621569e-05 1.285893808483651313e-05
-2.036869557572873468e-05 1.289678247851089310e-05 1.290478847584819455e-05
-2.045143635609480981e-05 1.295056292971441536e-05 1.279161809300544128e-05
-2.057565478172374007e-05 1.279735274717364035e-05 1.254424659474784320e-05
-2.073368212032744573e-05 1.246576406555011118e-05 1.218477516121141413e-05
-2.091885315369523823e-05 1.198271127922367896e-05 1.173284629096826848e-05
-2.112541292287328787e-05 1.137300827347420551e-05 1.120583335839642203e-05
-2.134839326603521492e-05 1.065929136889742779e-05 1.061907354776847612e-05
-2.158349234257506133e-05 9.861977975034186272e-06 9.986054771871089031e-06
-2.182701093958461236e-05 8.999355879391046642e-06 9.318576462274963390e-06
-2.207579724833319545e-05 8.087620218422131302e-06 8.626963666519271712e-06
-2.232712993577301575e-05 7.141103049335129072e-06 7.920128112154367628e-06
-2.257868544799923605e-05 6.172282762784142562e-06 7.205794609194127176e-06
-2.282854875179651799e-05 5.192026156564111261e-06 6.490566055145086111e-06
-2.307503737322691428e-05 4.209702233026746399e-06 5.780065631816322380e-06
-2.331682342324170598e-05 3.233327903195970521e-06 5.079048851219791771e-06
-2.355275383233990105e-05 2.269659144737978806e-06 4.391461721819922559e-06
-2.378194321653315235e-05 1.324364448884729484e-06 3.720574478116578376e-06
-2.400365538154924927e-05 4.021019499589328916e-07 3.069036744213216039e-06
-2.421735526766943813e-05 -4.933413922936225049e-07 2.438940417348600675e-06
-2.442261423171721013e-05 -1.358947474661142962e-06 1.831911102395666902e-06
-2.461913458562392520e-05 -2.192390345934214224e-06 1.249156292876252294e-06
-2.480673663929344741e-05 -2.991984320854790269e-06 6.915044023503291726e-07
-2.498534227551862941e-05 -3.756564695756026140e-06 1.594725412279451859e-07
-2.515494553284591817e-05 -4.485402633092050451e-06 -3.466982592958967047e-07
-2.531560065685556360e-05 -5.178153942742014237e-06 -8.269901645707733451e-07
-2.546742843276272872e-05 -5.834858181952284895e-06 -1.281595944341296089e-06
-2.561058960612316859e-05 -6.455791930704002368e-06 -1.710874755200819664e-06
-2.574528686424826240e-05 -7.041508610861058060e-06 -2.115331294350042413e-06
-2.587176491800069478e-05 -7.592757667151950329e-06 -2.495573992983279865e-06
-2.599028503813549662e-05 -8.110415849360563811e-06 -2.852319533008795815e-06
-2.610113553250248408e-05 -8.595550200829471521e-06 -3.186344178923716797e-06
-2.620461349472913426e-05 -9.049258124727010966e-06 -3.498488295172741402e-06
-2.630103534417838063e-05 -9.472773156660174720e-06 -3.789637507911614023e-06
-2.639070399929055455e-05 -9.867365703741803884e-06 -4.060702220337608637e-06
-2.647397148991537108e-05 -1.023431861502110962e-05 -4.312603117700986033e-06
-2.655112868890641131e-05 -1.057495079903603141e-05 -4.546291561324800057e-06
-2.662252253943231395e-05 -1.089062613846003558e-05 -4.762696602822469316e-06
-2.668844403422299116e-05 -1.118261677390819386e-05 -4.962738542391154084e-06
-2.674922610804153500e-05 -1.145225769461077903e-05 -5.147344206785087195e-06
