3.551872418326825209e-01 3.621650854000853514e-01 3.629532183371579346e-01
3.430840535201046260e-01 3.359067769928912872e-01 3.395274900664754236e-01
3.235917276623831440e-01 3.173239957641751929e-01 3.198068651318298761e-01
3.038722889896604551e-01 2.980305921647179446e-01 3.005437916852594649e-01
2.845050729720806637e-01 2.791039079795425981e-01 2.814341697467587777e-01
2.656570109544542646e-01 2.607320766345851415e-01 2.627422612134863167e-01
2.474268018865429797e-01 2.429358408093245103e-01 2.446013809703261321e-01
2.298688620124202941e-01 2.257958685759059447e-01 2.271163003561814664e-01
2.130268712971825629e-01 2.093489051474175522e-01 2.103468100895274917e-01
1.969283346738867069e-01 1.936197463220393766e-01 1.943265104283535827e-01
1.816102162972734746e-01 1.786931041533351694e-01 1.791169672185912720e-01
1.670756854727665219e-01 1.644704846535414156e-01 1.646772533970946029e-01
1.533066913391759600e-01 1.509894949996665181e-01 1.510077427047142873e-01
1.402966677684924779e-01 1.382438112255227614e-01 1.381037706569528956e-01
1.280361061698122027e-01 1.262250684696655245e-01 1.259540306406675692e-01
1.165118366416962870e-01 1.149212862841439975e-01 1.145436082439240666e-01
1.057076685059178400e-01 1.043179180991431476e-01 1.038550699468154814e-01
9.560487870570644198e-02 9.439737333091680060e-02 9.386829298056076354e-02
8.621075371361841544e-02 8.520378929347549590e-02 8.459881467100172081e-02
7.748316092723561699e-02 7.662047148636486060e-02 7.598484123703252990e-02
6.938612057361048802e-02 6.865341348532716381e-02 6.799700533435182326e-02
6.189272689027136565e-02 6.127657917151818623e-02 6.061000888929457542e-02
5.497638607424926160e-02 5.446435980274344502e-02 5.379647773120532772e-02
4.860999362366891230e-02 4.819068444879026636e-02 4.752876894497881644e-02
4.276613480421098679e-02 4.242909269537464834e-02 4.177909802254264893e-02
3.741727046354792474e-02 3.715292655614055306e-02 3.651967023566948800e-02
3.253591748045325804e-02 3.233553523745968938e-02 3.172284418886195390e-02
2.809482032407639718e-02 2.795043981592426618e-02 2.736128241295920915e-02
2.406710340228668255e-02 2.397148937295034976e-02 2.340809098251084297e-02
2.042640728744471446e-02 2.037300071188008488e-02 1.983694596616425443e-02
1.714700752801701089e-02 1.712987777841823434e-02 1.662220287281346298e-02
1.420391697177059154e-02 1.421771720798004068e-02 1.373899145908707986e-02
1.157297222068109921e-02 1.161289717999847149e-02 1.116329559404305449e-02
9.230904205942302987e-03 9.292647454101521376e-03 8.872016630506074364e-03
7.155394771525269704e-03 7.235111768573054825e-03 6.843025394836166342e-03
5.325119976857917159e-03 5.419390466566254005e-03 5.055200467855236468e-03
3.719780760589430635e-03 3.825574061609660070e-03 3.488454556072939639e-03
2.320122760397613781e-03 2.434766026604195943e-03 2.123751115275740453e-03
1.107946026856709842e-03 1.229093703517758485e-03 9.431106827323398889e-04
6.610360490721944871e-05 1.917028525466601963e-04 -7.039596776703405112e-05
-8.215070023269710475e-04 -6.932378600311706052e-04 -9.326538904659287255e-04
-1.569957293796164777e-03 -1.440554682671457698e-03 -1.658521356002529146e-03
-2.193309153208145013e-03 -2.064088052881385416e-03 -2.261852987525680980e-03
-2.704641351176984010e-03 -2.576717134191164327e-03 -2.755527321385953243e-03
-3.116080607615923093e-03 -2.990389640818658101e-03 -3.151478859243495023e-03
-3.438835934585715570e-03 -3.316154167613882819e-03 -3.460732989873704923e-03
-3.683235867048995082e-03 -3.564196246535922263e-03 -3.693443753387537498e-03
-3.858767793585737849e-03 -3.743876169518989272e-03 -3.858933470807346389e-03
-3.974119138853038358e-03 -3.863769265394445540e-03 -3.965734121943120805e-03
-4.037219073336872910e-03 -3.931706277615409917e-03 -4.021629434074025511e-03
-4.055280415697914975e-03 -3.954812110016470150e-03 -4.033695507332790697e-03
-4.034841929815624617e-03 -3.939549997488356325e-03 -4.008344175995603997e-03
-3.981884608874164400e-03 -3.891988663888401589e-03 -3.951543937637413961e-03
-3.901725220608942557e-03 -3.817074683835297577e-03 -3.868297147233468181e-03
-3.799061894362742997e-03 -3.719623796678672711e-03 -3.763293882343865526e-03
-3.678146086575129203e-03 -3.603842774827836770e-03 -3.640703368950393148e-03
-3.542761479161105065e-03 -3.473481294890889970e-03 -3.504224092111263289e-03
-3.396256661952645750e-03 -3.331860445933809700e-03 -3.357127525129843804e-03
-3.241580183311887353e-03 -3.181906528627487241e-03 -3.202292314847254850e-03
-3.081313897918658284e-03 -3.026183854709652010e-03 -3.042237053803797941e-03
-2.917704633779050205e-03 -2.866925882757942468e-03 -2.879151495151943685e-03
-2.752694154008250571e-03 -2.706064694143917038e-03 -2.714926093080216596e-03
-2.587947383245192690e-03 -2.545258752230661337e-03 -2.551179818844007130e-03
-2.424878898880544753e-03 -2.385918966943956221e-03 -2.389286254714573232e-03
-2.264677700705153285e-03 -2.229233081286086104e-03 -2.230397986361154494e-03
-2.108873173748304630e-03 -2.076149847187402919e-03 -2.075313011848267664e-03
-1.957324467748211561e-03 -1.927704467523549958e-03 -1.925233695246331145e-03
-1.811012555745894481e-03 -1.784253459561457866e-03 -1.780484852883734703e-03
-1.670447445460965241e-03 -1.646346145984800557e-03 -1.641510251203182058e-03
-1.536003728316415184e-03 -1.514366178489656711e-03 -1.508668208272556654e-03
-1.407947525323915983e-03 -1.388586841227223978e-03 -1.382209295706093855e-03
-1.286449317857041308e-03 -1.269186262349064620e-03 -1.262290549344902146e-03
-1.171596609064740058e-03 -1.156260129374087064e-03 -1.148988228780734033e-03
-1.063405778493731191e-03 -1.049833921849652185e-03 -1.042309731740909129e-03
-9.618326746239080904e-04 -9.498723218355209497e-04 -9.422034681222379859e-04
-8.667818438183871876e-04 -8.562884919319779797e-04 -8.485679020537872930e-04
-7.781148790624303757e-04 -7.689525866714230773e-04 -7.612598733028885789e-04
-6.956580715403726245e-04 -6.876995785936035332e-04 -6.801022220624952652e-04
-6.192092346739563880e-04 -6.123356744144325958e-04 -6.048903058488708240e-04
-5.485436788553732512e-04 -5.426443697560401347e-04 -5.353978825474170478e-04
-4.834195272058749993e-04 -4.783917249228109014e-04 -4.713823120915394682e-04
-4.235823920345493931e-04 -4.193310061686439383e-04 -4.125891211244070433e-04
-3.687694643086381063e-04 -3.652067511655809895e-04 -3.587559919863148039e-04
-3.187130676644001070e-04 -3.157583045978462621e-04 -3.096162267883784125e-04
-2.731437261332958499e-04 -2.707228731930744203e-04 -2.649017339871884147e-04
-2.317927901762661946e-04 -2.298381434852059257e-04 -2.243455819715967081e-04
-1.943946654893169423e-04 -1.928445077213902792e-04 -1.876841635866099978e-04
-1.606886820004760352e-04 -1.594869309287094694e-04 -1.546590070928832716e-04
-1.304206426306908639e-04 -1.295165049128854662e-04 -1.250182751780792856e-04
-1.033440843378752305e-04 -1.026917127997517554e-04 -9.851798087356922196e-05
-7.922128351678381364e-05 -7.877944286227567261e-05 -7.492295411926086501e-05
-5.782403547782699604e-05 -5.755577735877537293e-05 -5.400758767448721187e-05
-3.893423504941484481e-05 -3.880658420574167877e-05 -3.555638840413433144e-05
-2.234428153757850311e-05 -2.232793321454984437e-05 -1.936435725879981362e-05
-7.857332313343512453e-06 -7.926363341681508246e-06 -5.237221803344738191e-06
4.712575729759471699e-06 4.580982881918771454e-06 7.008460146340489416e-06
1.554051826435642880e-05 1.536633788812302726e-05 1.754530731978842795e-05
2.479077151917863375e-05 2.459138217203449273e-05 2.653521480089349183e-05
3.261698177836613866e-05 3.240740013732423819e-05 3.412953300574450566e-05
1.410127308529429691e-01 1.300259577795486177e-01 1.276242758704558833e-01
1.410181286387519606e-01 1.300313691861889609e-01 1.276294921608859267e-01
1.277242053697826840e-01 1.262879589544069203e-01 1.248590047686256588e-01
1.195180083173342789e-01 1.176931410533147426e-01 1.174985492062998738e-01
1.115064668333860531e-01 1.098090078802187453e-01 1.095690129140899360e-01
1.036095663965574953e-01 1.020830088091029264e-01 1.017641234444885967e-01
9.591950983032493383e-02 9.456702211742451514e-02 9.417999979119640042e-02
8.847892679804603144e-02 8.727644207122819964e-02 8.682567707277988323e-02
8.131102888884267355e-02 8.024921012413421817e-02 7.974510483762209390e-02
7.444094264094358593e-02 7.350922504969825688e-02 7.296421972162092651e-02
6.788746377786725184e-02 6.707534451417118682e-02 6.650088973845380558e-02
6.166383887048776380e-02 6.096122302529816128e-02 6.036754526237142482e-02
5.577859232180626403e-02 5.517577927873573707e-02 5.457188123971556948e-02
5.023610365191077953e-02 4.972389723843151366e-02 4.911762084283921581e-02
4.503722389669639892e-02 4.460692800521348644e-02 4.400493014725204155e-02
4.017968828230300549e-02 3.982314626580185646e-02 3.923102480576401430e-02
3.565857122841831206e-02 3.536809967294074486e-02 3.479053707373058746e-02
3.146668076341774256e-02 3.123513261381882788e-02 3.067592258864182408e-02
2.759454522932003329e-02 2.741535143420104070e-02 2.687756158210008461e-02
2.403571589018715926e-02 2.390965435030711905e-02 2.339174532578991439e-02
2.077680038860185707e-02 2.069011165453704670e-02 2.019855421559402231e-02
1.780207587473536801e-02 1.774978814062888599e-02 1.728514936719416362e-02
1.509767225149105663e-02 1.507512235112040688e-02 1.463812377435302903e-02
1.264942530395740672e-02 1.265235072256554183e-02 1.224329256272438382e-02
1.044287025500889587e-02 1.046760192932894018e-02 1.008636395017625809e-02
8.463478713917838014e-03 8.506334726387954071e-03 8.152641985100239630e-03
6.696564553004713538e-03 6.754411653432601526e-03 6.427663684942852562e-03
5.127652745983035665e-03 5.197679742991900831e-03 4.897101556624927632e-03
3.742520664557158483e-03 3.822220548905685966e-03 3.546883682712720365e-03
2.527288312810016535e-03 2.614437123954815867e-03 2.363293715631153979e-03
1.468497113442102098e-03 1.561132994611358349e-03 1.333045870053339854e-03
5.531745948045285743e-04 6.495772104004871039e-04 4.433460326188631839e-04
-2.311147316119699369e-04 -1.324440434407048173e-04 -3.180600349955708950e-04
-8.962301798194349800e-04 -7.965871871312701913e-04 -9.628498233820170782e-04
-1.453426485766073917e-03 -1.353922011313346552e-03 -1.502097657672396558e-03
-1.913335018635886620e-03 -1.814911968868515579e-03 -1.946257582000843200e-03
-2.285953480768210255e-03 -2.189402927066597115e-03 -2.305154433737355291e-03
-2.580643027268014755e-03 -2.486619329793660071e-03 -2.587982084179651920e-03
-2.806131826371238702e-03 -2.715166800210444542e-03 -2.803307878637251171e-03
-2.970524119936701624e-03 -2.883040249509583042e-03 -2.959082375246335772e-03
-3.081313939242158462e-03 -2.997636662274039132e-03 -3.062653556131000876e-03
-3.145402685011067234e-03 -3.065771772625569547e-03 -3.120784747655314106e-03
-3.169119853966062550e-03 -3.093699899004875853e-03 -3.139675542514597240e-03
-3.158246264549413596e-03 -3.087136342001750577e-03 -3.124985117115119948e-03
-3.118039195623478754e-03 -3.051281694022689450e-03 -3.081857347601357766e-03
-3.053258915042933452e-03 -2.990847600085944080e-03 -3.014947239563414705e-03
-2.968196137480560992e-03 -2.910083477197566992e-03 -2.928448215254508824e-03
-2.866700006206035489e-03 -2.812803804825514398e-03 -2.826119870983911930e-03
-2.752206248927802079e-03 -2.702415617013120830e-03 -2.711315855830176424e-03
-2.627765197425135923e-03 -2.581945917155437087e-03 -2.587011590665655447e-03
-2.496069423529756470e-03 -2.454068727105407355e-03 -2.455831562600652163e-03
-2.359480767361477049e-03 -2.321131592559866341e-03 -2.320076006757543219e-03
-2.220056586079821592e-03 -2.185181328093532827e-03 -2.181746787662586229e-03
-2.079575073441919386e-03 -2.047988878048911943e-03 -2.042572346467208533e-03
-1.939559543651547813e-03 -1.911073185733469515e-03 -1.904031616447254827e-03
-1.801301591331516683e-03 -1.775723961479402924e-03 -1.767376810882681504e-03
-1.665883064921658274e-03 -1.643023304198854007e-03 -1.633655032398095841e-03
-1.534196814069188619e-03 -1.513866128609930861e-03 -1.503728666015335946e-03
-1.406966188042368948e-03 -1.388979369888798665e-03 -1.378294532945911754e-03
-1.284763288168289108e-03 -1.268939988580020106e-03 -1.257901821562601441e-03
-1.168025963182772742e-03 -1.154191702503748473e-03 -1.142968745923678142e-03
-1.057073592674928619e-03 -1.045060585571855327e-03 -1.033798040582012412e-03
-9.521216453639569366e-04 -9.417694335867032862e-04 -9.305912434670604583e-04
-8.532950892735646775e-04 -8.444510097205260024e-04 -8.334618324765674657e-04
-7.606406967782808337e-04 -7.531601972278201274e-04 -7.424472640944479451e-04
-6.741382592757583225e-04 -6.678850917742895632e-04 -6.575199600578063297e-04
-5.937107825372267556e-04 -5.885570905976855727e-04 -5.785972850748111185e-04
-5.192337106170175076e-04 -5.150600157631801679e-04 -5.055505663693615759e-04
-4.505432368282491495e-04 -4.472383513646205344e-04 -4.382132163139873526e-04
-3.874437630683180700e-04 -3.849046327344396445e-04 -3.763880164011634832e-04
-3.297145401219836458e-04 -3.278460306695984983e-04 -3.198536052551048670e-04
-2.771155587032447798e-04 -2.758302053545991228e-04 -2.683702317507474788e-04
-2.293927673648887833e-04 -2.286104780688802407e-04 -2.216848279991134874e-04
-1.862826332922340455e-04 -1.859303652355093206e-04 -1.795354549916083897e-04
-1.475161221452525595e-04 -1.475275456853664124e-04 -1.416551835354828981e-04
-1.128221290896957996e-04 -1.131372648511819179e-04 -1.077754150432541635e-04
-8.193042239912351477e-05 -8.249528185289012328e-05 -7.762875406847058457e-05
-5.457414031440066537e-05 -5.534035451582042242e-05 -5.095142121724904882e-05
-3.049187891035476383e-05 -3.141633126124698805e-05 -2.748527668561262516e-05
-9.429417553885599546e-06 -1.047388074570942962e-05 -6.979487806590967125e-06
8.858883346118950897e-06 7.728106372062448770e-06 1.080812662035413041e-05
2.460897658640437413e-05 2.342139948618982004e-05 2.611003310171167158e-05
3.804628154957523378e-05 3.682757110101686493e-05 3.914817477279619595e-05
4.938506645746354451e-05 4.815736807273207631e-05 5.013338670201150649e-05
5.882803049539475637e-05 5.761027704187515752e-05 5.926500427877456900e-05
6.656606324706437761e-05 6.537427225117298235e-05 6.673064699347364126e-05
7.277814642281388302e-05 7.162569219476555560e-05 7.270612923304664577e-05
7.763139758554249426e-05 7.652928392742897046e-05 7.735553465715305776e-05
8.128121521577824637e-05 8.023831767012268301e-05 8.083135770131644193e-05
8.387151779298829268e-05 8.289481509882179466e-05 8.327475802338835109e-05
8.553505374708780806e-05 8.462983813106728093e-05 8.481586736952539951e-05
8.639378298203048701e-05 8.556387001790177749e-05 8.557419113819353385e-05
8.655930183920634846e-05 8.580720531015106900e-05 8.565901636270467634e-05
8.613330290097032105e-05 8.546041026791240114e-05 8.516988423212801251e-05
8.520806194278751633e-05 8.461477975019171538e-05 8.419706073259369816e-05
8.386694808371064624e-05 8.335285302363271143e-05 8.282206352827614637e-05
8.218494371226015005e-05 8.174890831424974635e-05 8.111816246103575878e-05
8.022916580818773014e-05 7.986947031313196277e-05 7.915089883758774647e-05
7.805938476213025723e-05 7.777382851814618192e-05 7.697860557709379492e-05
7.572854257231753650e-05 7.551453062915047809e-05 7.465291035835264211e-05
-3.878477727022868748e-01 -3.960348025511569725e-01 -3.890091380389355535e-01
-3.878502916585467863e-01 -3.960372559990210650e-01 -3.890116399877069364e-01
-3.730299054844115059e-01 -3.659559493268418340e-01 -3.683013592752074628e-01
-3.523186593509063380e-01 -3.458895082836874746e-01 -3.472963786197477143e-01
-3.312044465476660093e-01 -3.252144536532873831e-01 -3.266449418565979812e-01
-3.103621099238227377e-01 -3.047829106965501689e-01 -3.061319655683448770e-01
-2.899814792546188125e-01 -2.848224821437252974e-01 -2.860231496129448381e-01
-2.702159195346875986e-01 -2.654455351599612767e-01 -2.665123856817821490e-01
-2.511554006843668141e-01 -2.467726604523591272e-01 -2.476934128517670475e-01
-2.328787760273722807e-01 -2.288550802735915823e-01 -2.296548485637015524e-01
-2.154416877881264458e-01 -2.117546698983154840e-01 -2.124456010641126991e-01
-1.988683292204496134e-01 -1.954992657737695261e-01 -1.960792928705561433e-01
-1.831747932196137185e-01 -1.801023911921252330e-01 -1.805890742935739590e-01
-1.683685080822864277e-01 -1.655718681148202753e-01 -1.659765018241557977e-01
-1.544430730427628351e-01 -1.519042208205220179e-01 -1.522332375342014821e-01
-1.413840892331971189e-01 -1.390811732291683533e-01 -1.393441015859548937e-01
-1.291693736033668882e-01 -1.270809438804201275e-01 -1.272893308755064234e-01
-1.177725727612576323e-01 -1.158896510354225917e-01 -1.160419555782922219e-01
-1.071721976269737198e-01 -1.054845426665790287e-01 -1.055914762935445950e-01
-9.733417252520026874e-02 -9.582009588877316020e-02 -9.588298437873010727e-02
-8.822379292331361533e-02 -8.688170425952057574e-02 -8.690108609132862760e-02
-7.980548132184805965e-02 -7.860847683351934734e-02 -7.859421843350833381e-02
-7.203725546617123499e-02 -7.097339073012598476e-02 -7.092868313181033280e-02
-6.488247754603926332e-02 -6.394023584348573763e-02 -6.386910878322860086e-02
-5.830517232803111849e-02 -5.747377482738025289e-02 -5.737987865414073685e-02
-5.226999894367390098e-02 -5.153941165018849357e-02 -5.142606315181041943e-02
-4.674249413741438097e-02 -4.610338964544913321e-02 -4.597361985215508984e-02
-4.168925874919882091e-02 -4.113301707227590143e-02 -4.098958186026324668e-02
-3.707810743429418299e-02 -3.659667795226617670e-02 -3.644212797221657585e-02
-3.287813827142305190e-02 -3.246411314330421849e-02 -3.230075106764851434e-02
-2.905984076951795281e-02 -2.870638715917844808e-02 -2.853630421399555583e-02
-2.559839557457943560e-02 -2.530655727468933414e-02 -2.512774190154565268e-02
-2.246640408183275817e-02 -2.222196601189452281e-02 -2.204100262691527368e-02
-1.963575318044796791e-02 -1.943366657207434844e-02 -1.925142854944034143e-02
-1.708247559714504149e-02 -1.691799475386102092e-02 -1.673584441584341498e-02
-1.478425137117811428e-02 -1.465302962068260051e-02 -1.447214419113296291e-02
-1.272026166661593960e-02 -1.261836740934252354e-02 -1.243970037545694129e-02
-1.087084743613936366e-02 -1.079468257898968941e-02 -1.061913042830675558e-02
-9.217752667222689489e-03 -9.164067725696001254e-03 -8.992357281247809198e-03
-7.743963140147136492e-03 -7.709821588555321181e-03 -7.542560092861805288e-03
-6.433658536530661998e-03 -6.416411369502328377e-03 -6.254098696882981478e-03
-5.272153578897154080e-03 -5.269417884685934084e-03 -5.112456917981178517e-03
-4.245841660581228805e-03 -4.255478888508135160e-03 -4.104184985466552416e-03
-3.342137050978521984e-03 -3.362233087814636701e-03 -3.216842850800205600e-03
-2.549418081177312612e-03 -2.578265602659279843e-03 -2.438944689194866289e-03
-1.856972208420237802e-03 -1.893055378868024885e-03 -1.759905376136738919e-03
-1.254939958562739655e-03 -1.296909878612750866e-03 -1.169979331939074996e-03
-7.342598406123723720e-04 -7.809245864854319485e-04 -6.602129189960947997e-04
-2.866187516801232960e-04 -3.369289577289658055e-04 -2.223932564804353973e-04
9.559739979431158829e-05 4.256182341477732223e-05 1.510009638425180434e-04
4.193511384198989056e-04 3.643932922108850114e-04 4.668463943440226416e-04
6.909987268336470478e-04 6.348160780956235705e-04 7.314198585606779268e-04
9.163332919551181455e-04 8.595281534464205286e-04 9.504410391060202912e-04
1.100625758718776215e-03 1.043714931505845822e-03 1.129113001504866709e-03
1.248663637096358858e-03 1.192086861991070723e-03 1.272160326396987173e-03
1.364787531004385546e-03 1.308914539921823827e-03 1.383864789585242949e-03
1.452924780253717074e-03 1.398066431806954668e-03 1.468101834153801022e-03
1.516623655320403774e-03 1.463036435311648731e-03 1.528370793073774436e-03
1.559082909334097433e-03 1.506975181336689396e-03 1.567825263489974752e-03
1.583180193889088816e-03 1.532717833209851221e-03 1.589301405499288222e-03
1.591498665897750353e-03 1.542810176122122456e-03 1.595344294494094317e-03
1.586351822148834856e-03 1.539532967607670777e-03 1.588232516507637193e-03
1.569806617469693411e-03 1.524924608958588834e-03 1.570001053236125266e-03
1.543704974448001366e-03 1.500802248476096334e-03 1.542462590122639643e-03
1.509683746837464646e-03 1.468781364047211380e-03 1.507227277322387149e-03
1.469193234074017695e-03 1.430293934462978367e-03 1.465721065245728649e-03
1.423514303467710018e-03 1.386605234847515522e-03 1.419202640483563371e-03
1.373774220509715871e-03 1.338829385585604825e-03 1.368779106932505041e-03
1.320961258364672375e-03 1.287943682475589657e-03 1.315420430190061829e-03
1.265938147590350837e-03 1.234801816054065249e-03 1.259972753659910349e-03
1.209454457347602929e-03 1.180146020768213511e-03 1.203170638164718920e-03
1.152157961457178637e-03 1.124618245994135624e-03 1.145648307017521628e-03
1.094605065410703126e-03 1.068770395109275295e-03 1.087949951619870959e-03
1.037270351608388097e-03 1.013073713974188550e-03 1.030539172125755076e-03
9.805553051953630472e-04 9.579273552519640411e-04 9.738075943011015312e-04
9.247962836975709422e-04 9.036662276854512399e-04 9.180827550289705208e-04
8.702717717671837327e-04 8.505681166544598604e-04 8.636352514700962324e-04
8.172089863550113797e-04 7.988601915215887139e-04 8.106852833105193668e-04
7.657898754349634629e-04 7.487248981641880796e-04 7.594085601401734387e-04
7.161565501462296979e-04 7.003053123588176554e-04 7.099416682526116240e-04
6.684162084980016516e-04 6.537099841701921044e-04 6.623869319288822055e-04
6.226455785404705345e-04 6.090173075707361328e-04 6.168167909308408525e-04
5.788949214257654852e-04 5.662794692037342870e-04 5.732777503231756278e-04
5.371916334151460859e-04 5.255259953880764279e-04 5.317939301751617442e-04
4.975434843904058546e-04 4.867669412696451481e-04 4.923702597826040694e-04
4.599415067011447533e-04 4.499957440594060110e-04 4.549953169162845867e-04
4.243625855852029005e-04 4.151917699953822094e-04 4.196438822405279545e-04
3.907717606738136951e-04 3.823225901078419753e-04 3.862792040968399121e-04
3.591242749743650542e-04 3.513460054677675082e-04 3.548550151304952216e-04
3.293673880552794309e-04 3.222118284221808793e-04 3.253173112838236847e-04
3.014419757322861493e-04 2.948634717657161453e-04 2.976059266643904522e-04
2.752839387620276135e-04 2.692393347228927425e-04 2.716559158425502218e-04
2.508254377495688914e-04 2.452740311907897208e-04 2.473987671973709723e-04
2.279959689768795705e-04 2.228994451982102554e-04 2.247634541032716982e-04
2.067232986958100760e-04 2.020456654463487212e-04 2.036773554976445411e-04
1.869342716593891396e-04 1.826417794370538417e-04 1.840670425437562763e-04
1.685555034941499386e-04 1.646165663773957455e-04 1.658589595741055689e-04
1.515139710601132172e-04 1.478990782751710142e-04 1.489799977303363221e-04
1.357375106724734160e-04 1.324191378377359563e-04 1.333579821448105385e-04
1.211552358652001615e-04 1.181077568436772474e-04 1.189220793286760447e-04
2.849795259065576181e-01 2.936577639375556048e-01 2.861216122391994077e-01
2.849671261118048582e-01 2.936455891068158741e-01 2.861093430324145315e-01
2.749558617696373219e-01 2.695788995086893514e-01 2.721295225722222266e-01
2.602636646163916101e-01 2.553557013236190665e-01 2.570113810929637310e-01
2.451185695282886989e-01 2.405686813456174855e-01 2.421597418105230215e-01
2.300841920089100601e-01 2.258781979542171525e-01 2.272867777585051430e-01
2.153304933477399041e-01 2.115322286586492906e-01 2.126609412159742307e-01
2.009569289520550806e-01 1.974980163996876703e-01 1.983693980778514776e-01
1.870157536666905429e-01 1.838824353408292644e-01 1.845027863529363765e-01
1.735575075552396873e-01 1.707314529139806192e-01 1.711229399912913562e-01
1.606200305562671682e-01 1.580813388678996567e-01 1.582702675139209259e-01
1.482304574350755688e-01 1.459589608216717016e-01 1.459723319069952119e-01
1.364078986301017204e-01 1.343836799284966466e-01 1.342474468639546226e-01
1.252046586051622779e-01 1.234585519150243060e-01 1.231596338821492331e-01
1.145998715517404509e-01 1.130576182124883866e-01 1.126615083118349681e-01
1.045787403852513897e-01 1.032234412358435938e-01 1.027467962773946919e-01
9.513615565807242991e-02 9.395154008052608585e-02 9.341234714033619380e-02
8.626495284798219032e-02 8.523561776900212550e-02 8.464958622612273054e-02
7.795492499251843732e-02 7.706646535486227911e-02 7.644718498718128252e-02
7.019321639666009638e-02 6.943217711127991354e-02 6.879138453741384662e-02
6.296472287564314207e-02 6.231857285270037128e-02 6.166632963636964337e-02
5.625244036988219509e-02 5.570954194233168622e-02 5.505440802503414055e-02
5.003778912883449781e-02 4.958733901340139916e-02 4.893654217747267499e-02
4.430094069777013033e-02 4.393296008691505161e-02 4.329251357604557704e-02
3.902110622938281814e-02 3.872639680018785668e-02 3.810123669629139620e-02
3.417679834733100552e-02 3.394690445127135359e-02 3.334101034984193745e-02
2.974606989038275362e-02 2.957324025443630600e-02 2.898974751849614506e-02
2.570672929270345630e-02 2.558387834852815512e-02 2.502518180725388230e-02
2.203653369221902913e-02 2.195720339895734785e-02 2.142505221340873511e-02
1.871335979617994028e-02 1.867168093725835032e-02 1.816726591292261439e-02
1.571535469565377152e-02 1.570600971580660143e-02 1.523004179437670302e-02
1.302106694518612162e-02 1.303925325820753933e-02 1.259203473879744184e-02
1.060955932205143171e-02 1.065095373864233252e-02 1.023244207077156354e-02
8.460503868151558748e-03 8.521228341672903994e-03 8.131093228423647012e-03
6.554260742795636752e-03 6.630849460242282944e-03 6.268523661481228970e-03
4.871942552406416382e-03 4.961310271973551345e-03 4.626034340748375051e-03
3.395464454319485625e-03 3.494876419299686177e-03 3.185738085531908403e-03
2.107581670569236287e-03 2.214625008451043264e-03 1.930593641703004515e-03
9.919154897495285894e-04 1.104472104596854187e-03 8.444286982023374577e-04
3.296892975124254832e-05 1.491899254476569681e-04 -8.804699572229068849e-05
-7.838666805788374603e-04 -6.655851165673354330e-04 -8.812373048944222020e-04
-1.472313544818137920e-03 -1.353352727072931749e-03 -1.548663204962941187e-03
-2.045216382936532185e-03 -1.926756139011609470e-03 -2.102973113534467586e-03
-2.514557215194446194e-03 -2.397595805280094972e-03 -2.555959202731439284e-03
-2.891475558866263285e-03 -2.776847936161286334e-03 -2.918578366521762391e-03
-3.186244063969723150e-03 -3.074608006049084352e-03 -3.200934019302770217e-03
-3.408436987649032801e-03 -3.300382156773751241e-03 -3.412423076644910402e-03
-3.566832352340676415e-03 -3.462801644568913595e-03 -3.561673203034909641e-03
-3.669479003411413309e-03 -3.569812269960559448e-03 -3.656583311698047289e-03
-3.723733820027885777e-03 -3.628680728942068612e-03 -3.704371147197460523e-03
-3.736298506197499592e-03 -3.646029749934776021e-03 -3.711608263095911298e-03
-3.713256131723574605e-03 -3.627873724291519331e-03 -3.684256462839208268e-03
-3.660107843069138056e-03 -3.579654479032079450e-03 -3.627704351134797278e-03
-3.581809407371849829e-03 -3.506276945587027960e-03 -3.546803638011963855e-03
-3.482807292223277784e-03 -3.412144425677499093e-03 -3.445904927246945526e-03
-3.367074024925531539e-03 -3.301193187341122659e-03 -3.328892743325373438e-03
-3.238142544443323168e-03 -3.176926189466522388e-03 -3.199219613801096429e-03
-3.099139697594344156e-03 -3.042445683764771758e-03 -3.059938934427686164e-03
-2.952818155107728160e-03 -2.900484761348520735e-03 -2.913736729029281491e-03
-2.801587155263240980e-03 -2.753437450840889866e-03 -2.762961934936747355e-03
-2.647541774605799425e-03 -2.603387479003682614e-03 -2.609655273288602473e-03
-2.492490701449856516e-03 -2.452135568410174216e-03 -2.455576629914801856e-03
-2.337982483371914277e-03 -2.301225253634409107e-03 -2.302230918620806754e-03
-2.185330235566884660e-03 -2.151967194279458262e-03 -2.150892413717686580e-03
-2.035634809458231054e-03 -2.005461985236545175e-03 -2.002627555945601934e-03
-1.889806441594643616e-03 -1.862621480264392559e-03 -1.858316251177938305e-03
-1.748584908483064027e-03 -1.724188653830727169e-03 -1.718671690761675031e-03
-1.612558226592009092e-03 -1.590756036733975698e-03 -1.584258732649113099e-03
-1.482179942997152722e-03 -1.462782770819570644e-03 -1.455510889420086329e-03
-1.357785068744399304e-03 -1.340610330555658258e-03 -1.332745975835325503e-03
-1.239604711731234765e-03 -1.224476969973187224e-03 -1.216180473983530241e-03
-1.127779470455614330e-03 -1.114530949406833393e-03 -1.105942674091142663e-03
-1.022371650262532405e-03 -1.010842606664508203e-03 -1.002084656315238576e-03
-9.233763672144013057e-04 -9.134153338380412990e-04 -9.045931759429359786e-04
-8.307316048370427808e-04 -8.221955231856314938e-04 -8.133995169378183121e-04
-7.443272877704076862e-04 -7.370815449493361982e-04 -7.283883780301314559e-04
-6.640134555062626731e-04 -6.579318620929530681e-04 -6.494058794178636518e-04
-5.896074969731213145e-04 -5.845720862932557438e-04 -5.762666106816638489e-04
-5.209007496080886312e-04 -5.168017526769874692e-04 -5.087601419618836829e-04
-4.576642057746438397e-04 -4.543996988182197327e-04 -4.466565333363092805e-04
-3.996536218892066117e-04 -3.971293343706383538e-04 -3.897113634528936998e-04
-3.466140140384599277e-04 -3.447430461451794770e-04 -3.376701105920476564e-04
-2.982835416373008641e-04 -2.969860256296641410e-04 -2.902719240286399938e-04
-2.543968908053084732e-04 -2.535996741402923860e-04 -2.472529288318758844e-04
-2.146881869736771975e-04 -2.143244917564013363e-04 -2.083490572837298771e-04
-1.788934763414795626e-04 -1.789025527060283949e-04 -1.732984590230302047e-04
-1.467528204069923348e-04 -1.470795970811566988e-04 -1.418435322926292486e-04
-1.180598646107755556e-04 -1.186839216998913926e-04 -1.137744945093333016e-04
-9.252533316728150936e-05 -9.337200082060181927e-05 -8.881684703032632910e-05
-6.990595423084222659e-05 -7.093460135321194571e-05 -6.672263028506542071e-05
-4.997081169866302019e-05 -5.114567893460542081e-05 -4.726517790365480920e-05
-3.249997452847708246e-05 -3.378928249830881470e-05 -3.022720916279197922e-05
-1.728410712642514113e-05 -1.865979705117926102e-05 -1.540209593520192044e-05
-4.124739134803157015e-06 -5.562158866267985502e-06 -2.594091029095579870e-06
7.165578788437265700e-06 5.687965780376558200e-06 8.381567604742734545e-06
1.676323373345223189e-05 1.526412096253260131e-05 1.769864344225435815e-05
2.483361066785150228e-05 2.332910422564449249e-05 2.551997921362847421e-05
3.153124199173351627e-05 3.003510101651230002e-05 3.199765832817558220e-05
3.700003021323006180e-05 3.552389147909451594e-05 3.727323613800237467e-05
4.137353463917747831e-05 3.992712437927981028e-05 4.147803337406497093e-05
-2.544419725261957144e-01 -2.354985773942617211e-01 -2.398465079814824374e-01
-2.544394285641511377e-01 -2.354959892115581210e-01 -2.398440899840372786e-01
-2.352724230119546123e-01 -2.315576648274653149e-01 -2.310767162624635107e-01
-2.217771868477186326e-01 -2.177579883758066215e-01 -2.189989556072714505e-01
-2.085940660192912022e-01 -2.047765371669914014e-01 -2.060017826316761225e-01
-1.955830840454665376e-01 -1.920379555959836892e-01 -1.931464009911949553e-01
-1.828760255022132686e-01 -1.795985546119619469e-01 -1.805771431583753639e-01
-1.705528275750654021e-01 -1.675323900796807930e-01 -1.683825631094191255e-01
-1.586697727166271887e-01 -1.558935346893191021e-01 -1.566236283051668510e-01
-1.472673345560167046e-01 -1.447215618967044870e-01 -1.453421347515795325e-01
-1.363735937758421279e-01 -1.340443873952303910e-01 -1.345662179767880273e-01
-1.260065936115762897e-01 -1.238803103042083187e-01 -1.243136199654955032e-01
-1.161896961582729038e-01 -1.142835278518191666e-01 -1.146212550514837947e-01
-1.069228561995521076e-01 -1.051899024799293203e-01 -1.054607990343331414e-01
-9.819150783563623808e-02 -9.662016804999873365e-02 -9.682959080571540422e-02
-8.998711342804144309e-02 -8.856577940250809355e-02 -8.872097216832408595e-02
-8.229829230595764322e-02 -8.101583091541875170e-02 -8.112328872976937166e-02
-7.511071976286265439e-02 -7.395657217582252141e-02 -7.402210775566564482e-02
-6.840777454821489467e-02 -6.737194895401388273e-02 -6.740080179267704530e-02
-6.217108726617648351e-02 -6.124414383895571135e-02 -6.124105487495379307e-02
-5.638101247832771890e-02 -5.555405515921763016e-02 -5.552331896615669837e-02
-5.101703543344759950e-02 -5.028169948214333829e-02 -5.022720773932021210e-02
-4.605811656408331789e-02 -4.540655513574731739e-02 -4.533183240351534860e-02
-4.148298147221229915e-02 -4.090785173724653667e-02 -4.081608570310468753e-02
-3.727036317455101333e-02 -3.676480950942262460e-02 -3.665887821892654941e-02
-3.339920153637621070e-02 -3.295683739054655614e-02 -3.283933354764101420e-02
-2.984880632154840452e-02 -2.946369529098780138e-02 -2.933694811022169446e-02
-2.659898744743627308e-02 -2.626562392958498027e-02 -2.613171892217436287e-02
-2.363015843551774520e-02 -2.334344732416360202e-02 -2.320424484247862740e-02
-2.092333467369300593e-02 -2.067877558346076228e-02 -2.053583021803517816e-02
-1.846050991492265148e-02 -1.825355734559297449e-02 -1.810844580335002618e-02
-1.622423849292331521e-02 -1.605091056366458879e-02 -1.590489735729172516e-02
-1.419798866213428656e-02 -1.405472943034569155e-02 -1.390887773149751538e-02
-1.237043841124108035e-02 -1.225846176319245195e-02 -1.211011659578076216e-02
-1.072317666487077048e-02 -1.063394104137049823e-02 -1.048837707415428699e-02
-9.240628722535282336e-03 -9.171452602854124336e-03 -9.029050219498846452e-03
-7.909380903654672501e-03 -7.857808910470387431e-03 -7.719164272869338816e-03
-6.716989927813332706e-03 -6.680788324015640711e-03 -6.546373191226750876e-03
-5.651813448105502680e-03 -5.628964606599784481e-03 -5.499141543358287976e-03
-4.702973618650907461e-03 -4.691660969245670110e-03 -4.566701879809120790e-03
-3.860327234209481873e-03 -3.858916335085282867e-03 -3.739018880486000285e-03
-3.114433207617506305e-03 -3.121457261213378409e-03 -3.006755037436081857e-03
-2.456520180245780338e-03 -2.470665848375963591e-03 -2.361237229202672872e-03
-1.878453874358920750e-03 -1.898548606838912356e-03 -1.794424003971561987e-03
-1.372708174760539634e-03 -1.397710774569627112e-03 -1.298876041486041188e-03
-9.323279926407579410e-04 -9.613138529303011381e-04 -8.677205641287599747e-04
-5.508974746168959769e-04 -5.830487701931064137e-04 -4.946186862493373582e-04
-2.225066485649351833e-04 -2.570957022061115538e-04 -1.737290404906222108e-04
5.827933098356830044e-05 2.189141240260816801e-05 1.003164224238073388e-04
2.964448461425517323e-04 2.588094198586743389e-04 3.324361960056476661e-04
4.960433518476081716e-04 4.569311481374960238e-04 5.263766524850055362e-04
6.614991351179266843e-04 6.220647189923989018e-04 6.869873236521328863e-04
7.968485457089391488e-04 7.574291755377826618e-04 8.180554810882645356e-04
9.056035583211441420e-04 8.665144218289455580e-04 9.230079672657431900e-04
9.909168183401817487e-04 9.524037955448427795e-04 1.004954483817543931e-03
1.055650765661386714e-03 1.017932275174437962e-03 1.066723399621105628e-03
1.102400065582598288e-03 1.065651870606032503e-03 1.110871618867359523e-03
1.133506115447047158e-03 1.097868037671423380e-03 1.139705074302610477e-03
1.151080072510413110e-03 1.116666189186377167e-03 1.155304614674168562e-03
1.157020769721905928e-03 1.123917095223636586e-03 1.159539204483417407e-03
1.153029951580175627e-03 1.121296850322139882e-03 1.154082270250045283e-03
1.140629219725686205e-03 1.110307050850023458e-03 1.140430355304866694e-03
1.121176149924241194e-03 1.092288042271016835e-03 1.119918263973951333e-03
1.095878591542698288e-03 1.068432898353122162e-03 1.093733032077048861e-03
1.065807914104932586e-03 1.039800459663342558e-03 1.062927061275753537e-03
1.031911314241851230e-03 1.007327367431698484e-03 1.028430286580506170e-03
9.950232111073376018e-04 9.718392215815052637e-04 9.910614380551630020e-04
9.558757846084287024e-04 9.340609154074863696e-04 9.515384571845419970e-04
9.151087096351817607e-04 8.946261872961880357e-04 9.104881187387281472e-04
8.732781352359664240e-04 8.540864371525680454e-04 8.684549044204459278e-04
8.308649503475651343e-04 8.129188441574619617e-04 8.259091707132348859e-04
7.882823878274658469e-04 7.715338438478713812e-04 7.832546622883462817e-04
7.458830023530094167e-04 7.302819843048036219e-04 7.408354040693287956e-04
7.039650678969389119e-04 6.894602262026428008e-04 6.989420219279951496e-04
6.627784307792206064e-04 6.493176925633781238e-04 6.578175190135038264e-04
6.225298538067303156e-04 6.100609344871221751e-04 6.176625523741652302e-04
5.833878920856738759e-04 5.718587309135880759e-04 5.786402454476258228e-04
5.454873271851790051e-04 5.348464521475193578e-04 5.408805617230783014e-04
5.089331988670231510e-04 4.991300365961848229e-04 5.044842817069072893e-04
4.738044555077092213e-04 4.647895824174685941e-04 4.695266021157440406e-04
4.401572627080740929e-04 4.318826148763665884e-04 4.360603974278287609e-04
4.080279861142788178e-04 4.004470237507495867e-04 4.041191591688253482e-04
3.774358814911948912e-04 3.705037165354641004e-04 3.737196443750478991e-04
3.483855116749312586e-04 3.420590063809569870e-04 3.448642569476856323e-04
3.208689135485442989e-04 3.151067472619839549e-04 3.175431790017890776e-04
2.948675372479447887e-04 2.896302529801220160e-04 2.917362803488421363e-04
2.703539761449436085e-04 2.656040014878957578e-04 2.674148169005130526e-04
2.472935028842160321e-04 2.429951579159261854e-04 2.445429443211910581e-04
2.256454355126225053e-04 2.217649217606254552e-04 2.230790563916285052e-04
2.053643414453576455e-04 2.018697195588226023e-04 2.029769687876825657e-04
1.864010986198927355e-04 1.832622545822060189e-04 1.841869602048351595e-04
1.687038252902173241e-04 1.658924273153505879e-04 1.666566831413085481e-04
1.522186918340162620e-04 1.497081408139422365e-04 1.503319602335073668e-04
1.368906274097358988e-04 1.346560024489962260e-04 1.351574756315310211e-04
1.226639277099872416e-04 1.206819238133149952e-04 1.210773685429433755e-04
1.094827772707418490e-04 1.077316433640840287e-04 1.080357448188795644e-04
9.729169674099757970e-05 9.575116888282941829e-05 9.597711146169807250e-05
8.603591695566237263e-05 8.468715283127536964e-05 8.484674365616395875e-05
7.566169385653243040e-05 7.448720105285300264e-05 7.459098732820468314e-05
6.611656743560345717e-05 6.510013860860919266e-05 6.515751357250021414e-05
