8.256776428222656250e+01
5.604156970977783203e+00
3.599269151687622070e+00
2.951765060424804688e+00
2.590855121612548828e+00
2.164126634597778320e+00
1.876331686973571777e+00
1.707426786422729492e+00
1.557301640510559082e+00
1.396724581718444824e+00
1.227542877197265625e+00
1.068763256072998047e+00
9.366645812988281250e-01
8.288105726242065430e-01
7.472229599952697754e-01
6.909919977188110352e-01
6.481305956840515137e-01
6.126956939697265625e-01
5.836609005928039551e-01
5.603150725364685059e-01
5.464996099472045898e-01
5.221437215805053711e-01
5.074065923690795898e-01
4.930883347988128662e-01
4.819860756397247314e-01
4.672697186470031738e-01
4.572416543960571289e-01
4.507325291633605957e-01
4.374560415744781494e-01
4.359930157661437988e-01
4.262472987174987793e-01
4.188796877861022949e-01
4.112695455551147461e-01
4.083323776721954346e-01
4.015535116195678711e-01
4.008716344833374023e-01
3.972296416759490967e-01
3.933182954788208008e-01
3.864302933216094971e-01
3.827198743820190430e-01
3.812708258628845215e-01
3.766256272792816162e-01
3.739870488643646240e-01
3.704108297824859619e-01
3.701597154140472412e-01
3.721025884151458740e-01
3.649009764194488525e-01
3.636339902877807617e-01
3.600224554538726807e-01
3.614751696586608887e-01
3.648361265659332275e-01
3.578994274139404297e-01
3.539992272853851318e-01
3.554077148437500000e-01
3.518944084644317627e-01
3.473912775516510010e-01
3.490588665008544922e-01
3.507091999053955078e-01
3.500979244709014893e-01
3.457967340946197510e-01
3.450393974781036377e-01
3.428599834442138672e-01
3.409448862075805664e-01
3.406724631786346436e-01
3.386871218681335449e-01
3.389205634593963623e-01
3.376521766185760498e-01
3.354284763336181641e-01
3.355450332164764404e-01
3.333986699581146240e-01
3.357121944427490234e-01
3.346226513385772705e-01
3.347084522247314453e-01
3.455953896045684814e-01
3.331383764743804932e-01
3.314598202705383301e-01
3.298791646957397461e-01
3.285880386829376221e-01
3.353093862533569336e-01
3.320642709732055664e-01
3.299374282360076904e-01
3.260286450386047363e-01
3.266859948635101318e-01
3.258938193321228027e-01
3.286713361740112305e-01
3.249110281467437744e-01
3.264282345771789551e-01
3.254817724227905273e-01
3.225744664669036865e-01
3.256982862949371338e-01
3.223955035209655762e-01
3.265776038169860840e-01
3.217123150825500488e-01
3.244346678256988525e-01
3.280787765979766846e-01
3.249498009681701660e-01
3.226208388805389404e-01
3.219496905803680420e-01
3.216376602649688721e-01
3.318950533866882324e-01
3.273122906684875488e-01
3.208242058753967285e-01
3.195720911026000977e-01
3.207134604454040527e-01
3.196716904640197754e-01
3.196790218353271484e-01
3.195331096649169922e-01
3.155890405178070068e-01
3.165690302848815918e-01
3.192808032035827637e-01
3.224409222602844238e-01
3.165473937988281250e-01
3.162001669406890869e-01
3.162045180797576904e-01
3.147120177745819092e-01
3.201926052570343018e-01
3.147872388362884521e-01
3.171552717685699463e-01
3.255894482135772705e-01
3.135854005813598633e-01
3.163729906082153320e-01
3.141906857490539551e-01
3.136261701583862305e-01
3.170642554759979248e-01
3.155185282230377197e-01
3.169422447681427002e-01
3.166434168815612793e-01
3.141830563545227051e-01
3.168367445468902588e-01
3.140097558498382568e-01
3.129281103610992432e-01
3.105657398700714111e-01
3.112662732601165771e-01
3.134899437427520752e-01
3.163492381572723389e-01
3.158527314662933350e-01
3.159699141979217529e-01
3.112967610359191895e-01
3.125252127647399902e-01
3.092260360717773438e-01
3.101122677326202393e-01
3.098400235176086426e-01
3.104636073112487793e-01
3.127458691596984863e-01
3.126131892204284668e-01
3.086823523044586182e-01
3.122268617153167725e-01
3.101660609245300293e-01
3.118527233600616455e-01
3.095174133777618408e-01
3.092830181121826172e-01
3.124358952045440674e-01
3.133355081081390381e-01
3.145785629749298096e-01
3.077012002468109131e-01
3.092238008975982666e-01
3.108665943145751953e-01
3.087116479873657227e-01
3.291378915309906006e-01
3.271337449550628662e-01
3.111354410648345947e-01
3.179492056369781494e-01
3.080424964427947998e-01
3.065043985843658447e-01
3.063973188400268555e-01
3.130477070808410645e-01
3.064859509468078613e-01
3.089309036731719971e-01
3.106746971607208252e-01
3.065611124038696289e-01
3.078379333019256592e-01
3.124358355998992920e-01
3.143028914928436279e-01
3.056524097919464111e-01
3.059344887733459473e-01
3.135432004928588867e-01
3.067297339439392090e-01
3.091683387756347656e-01
3.064929246902465820e-01
3.082163035869598389e-01
3.051796257495880127e-01
3.091470599174499512e-01
3.143590092658996582e-01
3.088206350803375244e-01
3.061047792434692383e-01
3.059807121753692627e-01
3.049888312816619873e-01
3.085956275463104248e-01
3.088290095329284668e-01
3.128538131713867188e-01
3.049015402793884277e-01
3.160033822059631348e-01
3.067597746849060059e-01
3.076735436916351318e-01
3.136191666126251221e-01
3.033519387245178223e-01
3.153948485851287842e-01
3.049663305282592773e-01
3.089424371719360352e-01
3.091246187686920166e-01
3.056201040744781494e-01
3.096779882907867432e-01
3.061801493167877197e-01
3.043940961360931396e-01
3.089880943298339844e-01
3.068268299102783203e-01
3.058518171310424805e-01
3.058196902275085449e-01
3.032355606555938721e-01
3.066686689853668213e-01
3.093467354774475098e-01
3.014213740825653076e-01
3.032027482986450195e-01
3.030394613742828369e-01
3.058829009532928467e-01
3.069205284118652344e-01
3.024422228336334229e-01
3.075683116912841797e-01
3.051834702491760254e-01
3.050515651702880859e-01
3.048473000526428223e-01
3.029165863990783691e-01
3.080763816833496094e-01
3.070830106735229492e-01
3.052946925163269043e-01
3.038256466388702393e-01
3.166510164737701416e-01
3.104304969310760498e-01
3.027457594871520996e-01
3.049477636814117432e-01
3.017564415931701660e-01
3.064798414707183838e-01
3.016942143440246582e-01
3.013368248939514160e-01
3.037347197532653809e-01
3.037851750850677490e-01
3.011757135391235352e-01
3.112983107566833496e-01
3.021957278251647949e-01
3.000193834304809570e-01
3.016353547573089600e-01
3.013294637203216553e-01
3.022662401199340820e-01
3.001568615436553955e-01
3.008707761764526367e-01
3.018025457859039307e-01
3.026092946529388428e-01
2.993037104606628418e-01
3.105383217334747314e-01
3.044346570968627930e-01
3.012779355049133301e-01
3.037182092666625977e-01
3.057991266250610352e-01
3.084350526332855225e-01
3.011621236801147461e-01
3.029930889606475830e-01
3.052427470684051514e-01
3.034181892871856689e-01
3.029152750968933105e-01
3.084382116794586182e-01
3.092664778232574463e-01
3.053256273269653320e-01
3.008528351783752441e-01
2.996232211589813232e-01
3.031050562858581543e-01
3.030423820018768311e-01
3.026892542839050293e-01
3.035925030708312988e-01
3.064223229885101318e-01
3.000650107860565186e-01
3.010154664516448975e-01
2.996355593204498291e-01
3.023095726966857910e-01
2.978982627391815186e-01
2.968553304672241211e-01
3.078539371490478516e-01
3.006869852542877197e-01
3.013690710067749023e-01
3.071595430374145508e-01
3.032732307910919189e-01
3.026745021343231201e-01
3.122346401214599609e-01
3.041322231292724609e-01
3.017570972442626953e-01
2.991581261157989502e-01
3.007327020168304443e-01
2.981251776218414307e-01
2.996597588062286377e-01
3.016120791435241699e-01
3.053634166717529297e-01
2.985029220581054688e-01
2.992633879184722900e-01
2.986931502819061279e-01
2.979421615600585938e-01
3.029109835624694824e-01
3.014002740383148193e-01
2.995071411132812500e-01
2.976649403572082520e-01
2.982592284679412842e-01
3.007302880287170410e-01
3.057174682617187500e-01
3.103762567043304443e-01
2.980550825595855713e-01
3.035641610622406006e-01
2.996155619621276855e-01
2.998214364051818848e-01
2.989451885223388672e-01
3.032132685184478760e-01
3.067577481269836426e-01
2.967657148838043213e-01
2.959879636764526367e-01
3.112354576587677002e-01
3.010749816894531250e-01
2.967692315578460693e-01
2.994295358657836914e-01
2.987789213657379150e-01
2.981256544589996338e-01
3.041036725044250488e-01
2.981026470661163330e-01
3.030425608158111572e-01
3.026118576526641846e-01
2.985247671604156494e-01
2.990362942218780518e-01
2.971350550651550293e-01
2.996073663234710693e-01
2.972073853015899658e-01
2.989122867584228516e-01
2.963180541992187500e-01
2.993587553501129150e-01
3.132266998291015625e-01
2.965222299098968506e-01
2.968676686286926270e-01
2.961586713790893555e-01
2.973392903804779053e-01
3.000345528125762939e-01
3.000306487083435059e-01
2.975730299949645996e-01
2.978815734386444092e-01
2.966654896736145020e-01
2.953267991542816162e-01
2.991249561309814453e-01
2.994935214519500732e-01
2.984223663806915283e-01
2.993226349353790283e-01
2.973584234714508057e-01
3.013434112071990967e-01
2.984002828598022461e-01
2.953919172286987305e-01
2.984091937541961670e-01
2.966111302375793457e-01
2.980494797229766846e-01
2.961345314979553223e-01
2.957463562488555908e-01
2.988625466823577881e-01
3.262108266353607178e-01
2.944721281528472900e-01
2.962104678153991699e-01
2.998702526092529297e-01
2.969655692577362061e-01
2.965680062770843506e-01
2.988439500331878662e-01
2.950214445590972900e-01
2.946872115135192871e-01
2.964737415313720703e-01
2.994599044322967529e-01
2.961736023426055908e-01
2.965230941772460938e-01
2.962867319583892822e-01
3.004620671272277832e-01
2.936598062515258789e-01
2.951546907424926758e-01
2.957491576671600342e-01
2.980436086654663086e-01
2.990111410617828369e-01
2.966697812080383301e-01
2.945656776428222656e-01
3.003075122833251953e-01
2.951900959014892578e-01
2.937466502189636230e-01
2.963259518146514893e-01
2.990039885044097900e-01
3.028792142868041992e-01
2.959451973438262939e-01
2.960893213748931885e-01
2.952080667018890381e-01
2.961600422859191895e-01
2.947525084018707275e-01
2.979116439819335938e-01
2.960617542266845703e-01
2.943468391895294189e-01
2.951611280441284180e-01
2.967682182788848877e-01
2.957044541835784912e-01
2.998500168323516846e-01
3.007868230342864990e-01
2.990741729736328125e-01
2.953836023807525635e-01
2.962219715118408203e-01
3.057289719581604004e-01
2.958799302577972412e-01
2.929694056510925293e-01
2.969765067100524902e-01
2.996774017810821533e-01
2.982286810874938965e-01
2.946529686450958252e-01
2.952302694320678711e-01
2.946814298629760742e-01
2.942192554473876953e-01
2.945517599582672119e-01
2.976829111576080322e-01
3.025910258293151855e-01
2.957974672317504883e-01
2.921954393386840820e-01
2.919900417327880859e-01
2.961278259754180908e-01
2.935196757316589355e-01
3.032898306846618652e-01
2.951822280883789062e-01
2.956804335117340088e-01
2.910807430744171143e-01
2.908316552639007568e-01
2.951090037822723389e-01
2.987414598464965820e-01
2.989893853664398193e-01
2.926680743694305420e-01
2.964133322238922119e-01
2.929075658321380615e-01
3.013663589954376221e-01
2.928562462329864502e-01
2.930205464363098145e-01
2.974743843078613281e-01
2.968074679374694824e-01
2.937542796134948730e-01
2.925204336643218994e-01
2.947808504104614258e-01
2.950707376003265381e-01
2.923460304737091064e-01
2.988594174385070801e-01
2.939462363719940186e-01
2.949497699737548828e-01
2.945905923843383789e-01
2.927018105983734131e-01
2.965064942836761475e-01
2.973361611366271973e-01
2.953919172286987305e-01
2.952392697334289551e-01
2.951043546199798584e-01
2.983534336090087891e-01
2.926482558250427246e-01
2.927624583244323730e-01
2.947951853275299072e-01
2.998629510402679443e-01
2.929713129997253418e-01
2.934179008007049561e-01
2.934579253196716309e-01
2.949337065219879150e-01
2.961529195308685303e-01
2.930535078048706055e-01
2.934048473834991455e-01
2.926070392131805420e-01
2.955934405326843262e-01
2.914854288101196289e-01
2.928745150566101074e-01
2.939862310886383057e-01
2.936821579933166504e-01
2.939283847808837891e-01
2.928740978240966797e-01
2.929511964321136475e-01
2.964900434017181396e-01
2.963591814041137695e-01
3.007012903690338135e-01
2.936073541641235352e-01
2.898392975330352783e-01
2.938479185104370117e-01
2.922731935977935791e-01
2.920268177986145020e-01
2.986843585968017578e-01
2.911904156208038330e-01
2.908197641372680664e-01
2.953279018402099609e-01
2.915762364864349365e-01
2.923786640167236328e-01
2.943896949291229248e-01
2.969433665275573730e-01
2.902846932411193848e-01
3.009293079376220703e-01
2.997752130031585693e-01
2.955164909362792969e-01
2.909690439701080322e-01
2.901258170604705811e-01
2.967268228530883789e-01
2.916896343231201172e-01
2.941242456436157227e-01
2.966755032539367676e-01
2.915348708629608154e-01
2.915512025356292725e-01
2.948394715785980225e-01
2.962920367717742920e-01
2.933748066425323486e-01
2.947663068771362305e-01
2.912895977497100830e-01
2.929299473762512207e-01
2.943514585494995117e-01
2.911257445812225342e-01
2.938000261783599854e-01
3.016703426837921143e-01
2.911951541900634766e-01
2.931148707866668701e-01
2.920657098293304443e-01
2.919845581054687500e-01
2.929343581199645996e-01
2.903422415256500244e-01
2.933743000030517578e-01
2.953796982765197754e-01
2.922948002815246582e-01
2.901929020881652832e-01
2.914564907550811768e-01
2.922796308994293213e-01
2.904888391494750977e-01
2.922819554805755615e-01
2.926859259605407715e-01
2.895048260688781738e-01
2.886378765106201172e-01
2.913240492343902588e-01
2.954972088336944580e-01
2.897337377071380615e-01
2.914223968982696533e-01
2.912319898605346680e-01
2.895101904869079590e-01
2.914947569370269775e-01
2.960331439971923828e-01
2.918719053268432617e-01
2.913904786109924316e-01
2.914853394031524658e-01
2.924342453479766846e-01
2.921895980834960938e-01
2.935721576213836670e-01
2.927413284778594971e-01
2.905486226081848145e-01
2.907901406288146973e-01
2.900628149509429932e-01
2.909098565578460693e-01
2.905941009521484375e-01
2.937667369842529297e-01
2.937796413898468018e-01
2.901677489280700684e-01
2.889897227287292480e-01
2.889830768108367920e-01
2.994979619979858398e-01
2.916621565818786621e-01
2.888735830783843994e-01
2.902842462062835693e-01
2.942785322666168213e-01
2.891841530799865723e-01
2.893950343132019043e-01
2.900211811065673828e-01
2.921837568283081055e-01
2.890326678752899170e-01
2.891992926597595215e-01
2.907280027866363525e-01
2.901934981346130371e-01
2.897115647792816162e-01
2.892810106277465820e-01
2.897730767726898193e-01
2.944782376289367676e-01
2.924991250038146973e-01
2.890463173389434814e-01
2.908494770526885986e-01
2.923676669597625732e-01
2.886307835578918457e-01
2.963457405567169189e-01
2.928955554962158203e-01
2.891893088817596436e-01
2.895413935184478760e-01
2.884542942047119141e-01
2.915726900100708008e-01
3.032600879669189453e-01
2.914549708366394043e-01
2.894788682460784912e-01
2.912240922451019287e-01
2.924534678459167480e-01
2.889240980148315430e-01
2.875263094902038574e-01
2.873147726058959961e-01
2.922968864440917969e-01
2.881032526493072510e-01
2.902634739875793457e-01
2.914722561836242676e-01
2.951817214488983154e-01
2.875583767890930176e-01
2.875961959362030029e-01
2.879440188407897949e-01
2.894087731838226318e-01
2.880424857139587402e-01
2.880780398845672607e-01
2.892265021800994873e-01
2.895295917987823486e-01
2.895720005035400391e-01
2.883177697658538818e-01
2.883006930351257324e-01
2.889080345630645752e-01
2.885930538177490234e-01
2.896214723587036133e-01
2.912176251411437988e-01
2.917001545429229736e-01
2.872271835803985596e-01
2.968337833881378174e-01
2.918337881565093994e-01
2.894129157066345215e-01
2.906211316585540771e-01
2.904790043830871582e-01
2.891098856925964355e-01
2.872981429100036621e-01
2.883010208606719971e-01
2.894556224346160889e-01
2.873818874359130859e-01
2.893425524234771729e-01
2.880878150463104248e-01
2.886824905872344971e-01
2.881662845611572266e-01
2.913440465927124023e-01
2.895947992801666260e-01
2.886743247509002686e-01
2.946061789989471436e-01
2.878842651844024658e-01
2.887918651103973389e-01
2.877168059349060059e-01
2.895793020725250244e-01
2.882286310195922852e-01
2.893799543380737305e-01
2.887342274188995361e-01
2.881323993206024170e-01
2.903077602386474609e-01
2.911778688430786133e-01
2.962597012519836426e-01
2.872130274772644043e-01
2.858068346977233887e-01
2.902376055717468262e-01
2.871904373168945312e-01
2.877998054027557373e-01
2.902794182300567627e-01
2.887515127658843994e-01
2.939017415046691895e-01
2.877355813980102539e-01
2.866703867912292480e-01
2.920589447021484375e-01
2.869712412357330322e-01
2.876105010509490967e-01
2.902147173881530762e-01
2.879059016704559326e-01
2.889397740364074707e-01
2.864611148834228516e-01
2.881602346897125244e-01
2.909854650497436523e-01
2.884391844272613525e-01
2.914431095123291016e-01
2.870296537876129150e-01
2.849586606025695801e-01
2.898762524127960205e-01
2.866438031196594238e-01
2.872932255268096924e-01
2.868257164955139160e-01
2.874995768070220947e-01
2.889855802059173584e-01
2.888382077217102051e-01
2.917049825191497803e-01
2.856988906860351562e-01
2.882846891880035400e-01
2.891283035278320312e-01
2.923597693443298340e-01
2.851877808570861816e-01
2.893580198287963867e-01
2.880877256393432617e-01
2.890700399875640869e-01
2.866615056991577148e-01
2.879271209239959717e-01
2.860485017299652100e-01
2.873712182044982910e-01
2.866938710212707520e-01
2.882457673549652100e-01
2.899124026298522949e-01
2.910294830799102783e-01
2.873063087463378906e-01
2.875038087368011475e-01
2.869712114334106445e-01
2.840422391891479492e-01
2.876385450363159180e-01
2.874418199062347412e-01
2.931184470653533936e-01
2.865874171257019043e-01
2.893511652946472168e-01
2.925518453121185303e-01
2.858254909515380859e-01
2.870835959911346436e-01
2.861294150352478027e-01
2.921830713748931885e-01
2.863554954528808594e-01
2.876021265983581543e-01
2.852871417999267578e-01
2.845047712326049805e-01
2.869631946086883545e-01
2.896807193756103516e-01
2.866886258125305176e-01
2.852927744388580322e-01
2.913645803928375244e-01
2.850501239299774170e-01
2.857936024665832520e-01
2.875337898731231689e-01
2.859711945056915283e-01
2.870720028877258301e-01
2.852295339107513428e-01
2.898182570934295654e-01
2.910569906234741211e-01
2.872601151466369629e-01
2.856357991695404053e-01
2.855514287948608398e-01
2.886256277561187744e-01
2.844303846359252930e-01
2.885102033615112305e-01
2.869339883327484131e-01
2.839196324348449707e-01
2.859517037868499756e-01
2.878084480762481689e-01
2.889224290847778320e-01
2.896391153335571289e-01
2.842154800891876221e-01
2.859341800212860107e-01
2.866185903549194336e-01
2.861833572387695312e-01
2.887621521949768066e-01
2.853900194168090820e-01
2.843231260776519775e-01
2.889199852943420410e-01
3.087700307369232178e-01
2.874377965927124023e-01
2.855339348316192627e-01
2.902962565422058105e-01
2.840488851070404053e-01
2.871108353137969971e-01
2.862010300159454346e-01
2.838808894157409668e-01
2.869374752044677734e-01
2.873423099517822266e-01
2.838187515735626221e-01
2.855072021484375000e-01
2.849255502223968506e-01
2.846844196319580078e-01
2.844379544258117676e-01
2.848888337612152100e-01
2.843118607997894287e-01
2.835077941417694092e-01
2.851985394954681396e-01
2.870135009288787842e-01
2.851173877716064453e-01
2.862324118614196777e-01
2.849876582622528076e-01
2.882675230503082275e-01
2.871990501880645752e-01
2.874349951744079590e-01
2.874468564987182617e-01
2.864700853824615479e-01
2.855306565761566162e-01
2.839836180210113525e-01
2.852690815925598145e-01
2.839369475841522217e-01
2.829401493072509766e-01
2.855513691902160645e-01
2.870132029056549072e-01
2.853219509124755859e-01
2.857028841972351074e-01
2.861109375953674316e-01
2.842379510402679443e-01
2.829208076000213623e-01
2.867061495780944824e-01
2.870754301548004150e-01
2.846659421920776367e-01
2.858985662460327148e-01
2.857266962528228760e-01
2.829169034957885742e-01
2.864165604114532471e-01
2.843728363513946533e-01
2.818289101123809814e-01
2.881709039211273193e-01
2.837437093257904053e-01
2.818029224872589111e-01
2.879029810428619385e-01
2.890394032001495361e-01
2.856956720352172852e-01
2.826610505580902100e-01
2.897643744945526123e-01
2.851247489452362061e-01
2.827912271022796631e-01
2.827695608139038086e-01
2.817274332046508789e-01
2.873424589633941650e-01
2.837546467781066895e-01
2.826969027519226074e-01
2.856166362762451172e-01
2.834320962429046631e-01
2.838073372840881348e-01
2.856490015983581543e-01
2.828924953937530518e-01
2.831293046474456787e-01
2.833413481712341309e-01
2.818974256515502930e-01
2.865374684333801270e-01
2.827970087528228760e-01
2.869617640972137451e-01
2.819698750972747803e-01
2.872051894664764404e-01
2.856160104274749756e-01
2.880081832408905029e-01
2.865024805068969727e-01
2.867848277091979980e-01
2.856858372688293457e-01
2.838081717491149902e-01
2.849710583686828613e-01
2.829191386699676514e-01
2.817406356334686279e-01
2.832709252834320068e-01
2.880284190177917480e-01
2.895406484603881836e-01
2.818963527679443359e-01
2.821515202522277832e-01
2.844440340995788574e-01
2.820640802383422852e-01
2.838838100433349609e-01
2.871500551700592041e-01
2.891485989093780518e-01
2.878135144710540771e-01
2.806925177574157715e-01
2.808330357074737549e-01
2.834090888500213623e-01
2.841978073120117188e-01
2.858980596065521240e-01
2.835732400417327881e-01
2.826767861843109131e-01
2.802277505397796631e-01
2.817690968513488770e-01
2.826949656009674072e-01
2.860440015792846680e-01
2.825366556644439697e-01
2.871388494968414307e-01
2.841480970382690430e-01
2.817571759223937988e-01
2.825910449028015137e-01
2.830547094345092773e-01
2.817425429821014404e-01
2.880719304084777832e-01
2.854795455932617188e-01
2.821168601512908936e-01
2.850373983383178711e-01
2.829231321811676025e-01
2.819927930831909180e-01
2.813405096530914307e-01
2.820548415184020996e-01
2.822806537151336670e-01
2.818769812583923340e-01
2.839542329311370850e-01
2.809805572032928467e-01
2.830699384212493896e-01
2.840620875358581543e-01
2.813546657562255859e-01
2.800778150558471680e-01
2.820083796977996826e-01
2.807799577713012695e-01
2.824919819831848145e-01
2.803472280502319336e-01
2.914746403694152832e-01
2.812531590461730957e-01
2.818229794502258301e-01
2.837017178535461426e-01
2.835299670696258545e-01
2.837646007537841797e-01
2.806317806243896484e-01
2.832056879997253418e-01
2.818244993686676025e-01
2.826574742794036865e-01
2.808228135108947754e-01
2.803965806961059570e-01
2.838263809680938721e-01
2.819266021251678467e-01
2.806743085384368896e-01
2.818397283554077148e-01
2.817857861518859863e-01
2.842855751514434814e-01
2.837675511837005615e-01
2.820864319801330566e-01
2.879304587841033936e-01
2.785884439945220947e-01
2.824622988700866699e-01
2.822842001914978027e-01
2.820291817188262939e-01
2.807832658290863037e-01
2.817185819149017334e-01
2.820159792900085449e-01
2.816917300224304199e-01
2.801102697849273682e-01
2.789392471313476562e-01
2.812507450580596924e-01
2.806902825832366943e-01
2.831166684627532959e-01
2.799282371997833252e-01
2.805654406547546387e-01
2.799846529960632324e-01
2.829972505569458008e-01
2.850096821784973145e-01
2.829603850841522217e-01
2.818631231784820557e-01
2.802528142929077148e-01
2.806418836116790771e-01
2.814677953720092773e-01
2.865376770496368408e-01
2.861363291740417480e-01
2.841475307941436768e-01
2.897279262542724609e-01
2.829361855983734131e-01
2.798982858657836914e-01
2.795420885086059570e-01
2.826639413833618164e-01
2.795301675796508789e-01
2.786231935024261475e-01
2.816717028617858887e-01
2.838472425937652588e-01
2.952136099338531494e-01
2.848574817180633545e-01
2.807380259037017822e-01
2.825476825237274170e-01
2.829563617706298828e-01
2.810033559799194336e-01
2.831728756427764893e-01
2.789820730686187744e-01
2.823133170604705811e-01
2.830726206302642822e-01
2.794806659221649170e-01
2.796169221401214600e-01
2.854244112968444824e-01
2.786241471767425537e-01
2.799204885959625244e-01
2.813808321952819824e-01
2.790808975696563721e-01
2.794985473155975342e-01
2.806817293167114258e-01
2.805863320827484131e-01
2.808083295822143555e-01
2.826767265796661377e-01
2.768571376800537109e-01
2.775855362415313721e-01
2.851465046405792236e-01
2.801289856433868408e-01
2.786047160625457764e-01
2.803974449634552002e-01
2.799863517284393311e-01
2.804728746414184570e-01
2.816139459609985352e-01
2.839676737785339355e-01
2.831620872020721436e-01
2.776741087436676025e-01
2.779022157192230225e-01
2.815845608711242676e-01
2.810502052307128906e-01
2.791641056537628174e-01
2.782169878482818604e-01
2.965832054615020752e-01
2.786976695060729980e-01
2.797199189662933350e-01
2.791551649570465088e-01
2.791196405887603760e-01
2.787687480449676514e-01
2.794485986232757568e-01
2.831507921218872070e-01
2.817331552505493164e-01
2.773158550262451172e-01
2.794976532459259033e-01
2.823345661163330078e-01
2.778657674789428711e-01
2.806443870067596436e-01
2.792509794235229492e-01
2.810580730438232422e-01
2.800604701042175293e-01
2.788814306259155273e-01
2.779389917850494385e-01
2.766927480697631836e-01
2.833389937877655029e-01
2.801183164119720459e-01
2.798142731189727783e-01
2.787172794342041016e-01
2.801945805549621582e-01
2.791412174701690674e-01
2.800042033195495605e-01
2.768693268299102783e-01
2.781380116939544678e-01
2.854291796684265137e-01
2.823478579521179199e-01
2.788718938827514648e-01
2.760919034481048584e-01
2.801981270313262939e-01
2.791731357574462891e-01
2.843735516071319580e-01
2.794962227344512939e-01
