2.871494809862583637e+09 1.000374206103226185e+09 2.868059656927330017e+09
2.871608882933298588e+09 1.000589459516414881e+09 2.868100089447940826e+09
2.871694715357717037e+09 1.000657374500485182e+09 2.868209372128634930e+09
2.871763096563487530e+09 1.000708827969727039e+09 2.868286003033017159e+09
2.871812923287439346e+09 1.000746966789837718e+09 2.868340764426361561e+09
2.871846951855740547e+09 1.000773330793622255e+09 2.868377677456805706e+09
2.871867511672509670e+09 1.000789580750365496e+09 2.868399565087288857e+09
2.871876565510990143e+09 1.000797154174193621e+09 2.868408745885476112e+09
2.871875809503679752e+09 1.000797306600605965e+09 2.868407170884935856e+09
2.871866727531876087e+09 1.000791144928513408e+09 2.868396514980219841e+09
2.877475261942330837e+09 1.145834340390336752e+09 2.949364007401680470e+09
2.877467523680852890e+09 1.145822620507183313e+09 2.949400906050571442e+09
2.877464108050817966e+09 1.145809984079370737e+09 2.949442677167298794e+09
2.877485065736570358e+09 1.145628848549148321e+09 2.949224758050784111e+09
2.877497339974087238e+09 1.145306137530171633e+09 2.949182724161391258e+09
2.877493383237254143e+09 1.145325029633039713e+09 2.949244253223118782e+09
2.877489440367142200e+09 1.145343242961762190e+09 2.949303884467370510e+09
2.877485587173126698e+09 1.145361475664650679e+09 2.949361739848592758e+09
2.877481714772304535e+09 1.145380584244783878e+09 2.949417995237768173e+09
2.877445525552458763e+09 1.144951148122318268e+09 2.949439010922226906e+09
2.877444892917432308e+09 1.145001906251313686e+09 2.949492096614605904e+09
2.877444176194470882e+09 1.145050100358636379e+09 2.949542741569014549e+09
2.877443439149437904e+09 1.145095863053458452e+09 2.949590930259955406e+09
2.877442698574810028e+09 1.145139161551751852e+09 2.949636657966415405e+09
2.877441829950408936e+09 1.145181459772826672e+09 2.949680436338005543e+09
2.877441101484776020e+09 1.145219927587918043e+09 2.949721277154053211e+09
2.877440387427063465e+09 1.145256046063574076e+09 2.949759721787832260e+09
2.877320838211210728e+09 1.144930892341202736e+09 2.949776087369972229e+09
2.877331916550186157e+09 1.144997274936200619e+09 2.949811353984549046e+09
2.877342150666720867e+09 1.145058999371341467e+09 2.949844307451383114e+09
2.877351610519738674e+09 1.145116284737306833e+09 2.949875015647433758e+09
2.877360339552909374e+09 1.145169362414812803e+09 2.949903561196287155e+09
2.877368373161030769e+09 1.145218394628300905e+09 2.949930026520014286e+09
2.877375747799674511e+09 1.145263555198609591e+09 2.949954496926007748e+09
2.877382499248188496e+09 1.145305090641420364e+09 2.949977062524688721e+09
2.877388663284182549e+09 1.145343169565197945e+09 2.949997813140779495e+09
2.877394273988521099e+09 1.145377973947058201e+09 2.950016839934335232e+09
2.877399365927354336e+09 1.145409691231838465e+09 2.950034234891319275e+09
2.877403971928519726e+09 1.145438501362218857e+09 2.950050089580904007e+09
2.877408125242818356e+09 1.145464589233212471e+09 2.950064495088500500e+09
2.877411856805058956e+09 1.145488132482644796e+09 2.950077541102135658e+09
2.877415196878237724e+09 1.145509297752816916e+09 2.950089315354982376e+09
2.877418175825943470e+09 1.145528262737467051e+09 2.950099901668457031e+09
2.877420819918391228e+09 1.145545182703713179e+09 2.950109386197108746e+09
2.877423155875763416e+09 1.145560213575795650e+09 2.950117849034233570e+09
2.877425209226714134e+09 1.145573504051247358e+09 2.950125367222151279e+09
2.877427003923832417e+09 1.145585186675770521e+09 2.950132014914309978e+09
2.877428562758462429e+09 1.145595384212002516e+09 2.950137862884517670e+09
2.877429907223198891e+09 1.145604262333333492e+09 2.950142977537979603e+09
2.877431057334800243e+09 1.145611932173508167e+09 2.950147422781224728e+09
2.877432031877789021e+09 1.145618502527935505e+09 2.950151258805463314e+09
2.877432848425377846e+09 1.145624077483189344e+09 2.950154542210153580e+09
2.877433522860064507e+09 1.145628753782664537e+09 2.950157325992144585e+09
2.877434070788636684e+09 1.145632624539025068e+09 2.950159659815438747e+09
2.877434506004500866e+09 1.145635774554543972e+09 2.950161589862337112e+09
2.877434841503881931e+09 1.145638283228285074e+09 2.950163159058722973e+09
2.877435089070625782e+09 1.145640223471357822e+09 2.950164407143123150e+09
2.877435261195595264e+09 1.145641666014227867e+09 2.950165370555210114e+09
2.877435366822055340e+09 1.145642677677812815e+09 2.950166083652514935e+09
2.877435413802433968e+09 1.145643304377497911e+09 2.950166577010178566e+09
2.877435410664259911e+09 1.145643597877953768e+09 2.950166878952412605e+09
2.877435336769754410e+09 1.145645062226461649e+09 2.950167518163387775e+09
2.877435255163673401e+09 1.145644825834325075e+09 2.950167512727249622e+09
2.877435143922408581e+09 1.145644385141166210e+09 2.950167386340589046e+09
2.877435008368094444e+09 1.145643774378253460e+09 2.950167158091472149e+09
2.877434853282675743e+09 1.145643023892956495e+09 2.950166845128077030e+09
2.877434682959243298e+09 1.145642161247095823e+09 2.950166462823617458e+09
2.877434501112838268e+09 1.145641210824537277e+09 2.950166024876889229e+09
2.877434311073363304e+09 1.145640194113735676e+09 2.950165543439006805e+09
2.877434115745339394e+09 1.145639129926976204e+09 2.950165029236082077e+09
2.877433917648610115e+09 1.145638034753563881e+09 2.950164491687486649e+09
2.877433718938671589e+09 1.145636922913758039e+09 2.950163939013217926e+09
2.877433521465495110e+09 1.145635806723699570e+09 2.950163378346030235e+09
2.877433326790354729e+09 1.145634696682574749e+09 2.950162815825714588e+09
2.877438693399405956e+09 1.145630060913539886e+09 2.950161670038280487e+09
2.877438170508530140e+09 1.145628692496706486e+09 2.950161123764399529e+09
2.877437662888413906e+09 1.145627332664449930e+09 2.950160585643493652e+09
2.877437173091316700e+09 1.145625993918904066e+09 2.950160059615351200e+09
2.877436702893369675e+09 1.145624685364273071e+09 2.950159548596310616e+09
2.877436253449613571e+09 1.145623413447739601e+09 2.950159054815116882e+09
2.877435825643840313e+09 1.145622181818690062e+09 2.950158579917671204e+09
2.877435419992356300e+09 1.145620994029676914e+09 2.950158125136662006e+09
2.877435036769227505e+09 1.145619858502960682e+09 2.950157691820327282e+09
2.877434675950173378e+09 1.145618779148867846e+09 2.950157280677996635e+09
2.877434337400333405e+09 1.145617756620452642e+09 2.950156891988247395e+09
2.877434020762794018e+09 1.145616790569164038e+09 2.950156525773430347e+09
2.877433725539381981e+09 1.145615882023137569e+09 2.950156181944665432e+09
2.877433451136860371e+09 1.145615030427999973e+09 2.950155860188657284e+09
2.877433196859001637e+09 1.145614234799410820e+09 2.950155560044693947e+09
2.877432961939371109e+09 1.145613493818164587e+09 2.950155280927921295e+09
2.877432745553698063e+09 1.145612805868873596e+09 2.950155022156016827e+09
2.877432546839493275e+09 1.145612169105179310e+09 2.950154782968457222e+09
2.877432364907275677e+09 1.145611581500394344e+09 2.950154562546504498e+09
2.877432198853960991e+09 1.145611040894922256e+09 2.950154360028801441e+09
2.877432047769828320e+09 1.145610545032066584e+09 2.950154174523469448e+09
2.877431910751959801e+09 1.145610091602876186e+09 2.950154005124789715e+09
2.877431786905593395e+09 1.145609678257863998e+09 2.950153850917782307e+09
2.877431675356767178e+09 1.145609302656072855e+09 2.950153710992677212e+09
2.877431575252549648e+09 1.145608962467573166e+09 2.950153584449728489e+09
2.877431485766672611e+09 1.145608655398677349e+09 2.950153470404580116e+09
2.877431406102367401e+09 1.145608379206920862e+09 2.950153367996221066e+09
2.877431335497330666e+09 1.145608131716014862e+09 2.950153276390014172e+09
2.877431273220774651e+09 1.145607910817765474e+09 2.950153194780267715e+09
2.877431218579718590e+09 1.145607714489089727e+09 2.950153122394326210e+09
2.877431170917216778e+09 1.145607540792518854e+09 2.950153058493385315e+09
2.877431129611627579e+09 1.145607387877498388e+09 2.950153002374541759e+09
2.877431094079717159e+09 1.145607253991100788e+09 2.950152953371295452e+09
2.877431063773794651e+09 1.145607137474594593e+09 2.950152910854835510e+09
2.877431038183053017e+09 1.145607036763159752e+09 2.950152874231617928e+09
2.877431016828263760e+09 1.145606950384297371e+09 2.950152842945608616e+09
2.985601685397352695e+09 1.099613891016686916e+09 2.974300619274675846e+09
2.985608721130867004e+09 1.099630940137880564e+09 2.974507451014296055e+09
2.985599688468372345e+09 1.099652703669587851e+09 2.974502033965029716e+09
2.985602939197549343e+09 1.099640352212815523e+09 2.974519756445717335e+09
2.985619959579703808e+09 1.099499956155107737e+09 2.974366537706523895e+09
2.985617830724355698e+09 1.099509700104444742e+09 2.974394741612313747e+09
2.985616396069089413e+09 1.099518163788216114e+09 2.974420928995766640e+09
2.985614892697843552e+09 1.099525520616158485e+09 2.974444631004292011e+09
2.985613383941779137e+09 1.099532780026503325e+09 2.974467488566682816e+09
2.985611855666140556e+09 1.099539544431337357e+09 2.974489481221553802e+09
2.985610256406229019e+09 1.099546166375905037e+09 2.974510664042071819e+09
2.985608985241959572e+09 1.099552451121393681e+09 2.974530463181612492e+09
2.985607704553915024e+09 1.099558382484483957e+09 2.974549313439210892e+09
2.985606462126367569e+09 1.099563779305266857e+09 2.974567174757310390e+09
2.985605318996330261e+09 1.099569017492552757e+09 2.974583851098374367e+09
2.985604241807749271e+09 1.099573923360205173e+09 2.974599447254457951e+09
2.985605629614236832e+09 1.099578889967567682e+09 2.974615268255863190e+09
2.985596240057172298e+09 1.099516611811924934e+09 2.974620752512435913e+09
2.985595907390848160e+09 1.099528370518914461e+09 2.974633993153332233e+09
2.985595577347043037e+09 1.099539119240632534e+09 2.974646161528262138e+09
2.985595263208018303e+09 1.099548923432322979e+09 2.974657307356891155e+09
2.985594965620504379e+09 1.099557832992845297e+09 2.974667480425188541e+09
2.985595122449333191e+09 1.099564287606595039e+09 2.974676583418794632e+09
2.985594818857876301e+09 1.099571483323466063e+09 2.974684983706075668e+09
2.985594536203569412e+09 1.099577943055264473e+09 2.974692558394676208e+09
2.985594273438547134e+09 1.099583713554084778e+09 2.974699357695266724e+09
2.985594031734965324e+09 1.099588845312332392e+09 2.974705432990236282e+09
2.985593810164130211e+09 1.099593386417803764e+09 2.974710833694115639e+09
2.985593609178065300e+09 1.099597381442701101e+09 2.974715608672928333e+09
2.985593427505780220e+09 1.099600873330906153e+09 2.974719804905063152e+09
2.985593264800189972e+09 1.099603904875678301e+09 2.974723468044752121e+09
2.985593120182431698e+09 1.099606516128131151e+09 2.974726641922695160e+09
2.985592992672600746e+09 1.099608745024932384e+09 2.974729368527738094e+09
2.985592881237071037e+09 1.099610627434514046e+09 2.974731687920632362e+09
2.985592784828611374e+09 1.099612197155216455e+09 2.974733638133268356e+09
2.985592702351583481e+09 1.099613485910973549e+09 2.974735255130936623e+09
2.985592632722389221e+09 1.099614523379826546e+09 2.974736572766530514e+09
2.985592574843091965e+09 1.099615337176370144e+09 2.974737622766133785e+09
2.985592527637669563e+09 1.099615952909470558e+09 2.974738434746145248e+09
2.985592490051213741e+09 1.099616394267447233e+09 2.974739036231615067e+09
2.985592461065871716e+09 1.099616682981308460e+09 2.974739452703662395e+09
2.985592439711976051e+09 1.099616839073160410e+09 2.974739707655678749e+09
2.985592425064868450e+09 1.099616880791182995e+09 2.974739822655792713e+09
2.985592416264879704e+09 1.099616824763584852e+09 2.974739817427502632e+09
2.985592412514935970e+09 1.099616686064462185e+09 2.974739709928288460e+09
2.985592413076309681e+09 1.099616478344409466e+09 2.974739516436990738e+09
2.985592417291137218e+09 1.099616213855703354e+09 2.974739251645455360e+09
2.985592424544499874e+09 1.099615903617353678e+09 2.974738928754203796e+09
2.985592434296443939e+09 1.099615557404895067e+09 2.974738559559951782e+09
2.985592446062897682e+09 1.099615183933340073e+09 2.974738154553354263e+09
2.985592459413815498e+09 1.099614790873373508e+09 2.974737723013413429e+09
2.985592473968462467e+09 1.099614384920932293e+09 2.974737273086111546e+09
2.985592489395127773e+09 1.099613971937789679e+09 2.974736811889228344e+09
2.985592505403057575e+09 1.099613556974121094e+09 2.974736345588703632e+09
2.985592521744057178e+09 1.099613144346481800e+09 2.974735879478176117e+09
2.985592538206352711e+09 1.099612737708394766e+09 2.974735418055512428e+09
2.985592554605885029e+09 1.099612340082863331e+09 2.974734965098019600e+09
2.985592570791167736e+09 1.099611954062101364e+09 2.974734523784967899e+09
2.985592586632477760e+09 1.099611581587753534e+09 2.974734096629652500e+09
2.985592602114544868e+09 1.099611224276287794e+09 2.974733685684097290e+09
2.985592617107427120e+09 1.099610883337730885e+09 2.974733292524407864e+09
2.985592631452659607e+09 1.099610559656947851e+09 2.974732918320245743e+09
2.985592645104692936e+09 1.099610253810460091e+09 2.974732563879251480e+09
2.985592658036985397e+09 1.099609966108142614e+09 2.974732229699976921e+09
2.985592670236568928e+09 1.099609696658715010e+09 2.974731916005133629e+09
2.985592681688638210e+09 1.099609445341751337e+09 2.974731622793831825e+09
2.985592692397595882e+09 1.099609211893611908e+09 2.974731349853226662e+09
2.985592702430945396e+09 1.099608995925883770e+09 2.974731096813987732e+09
2.985592711817501068e+09 1.099608796911566257e+09 2.974730863168983936e+09
2.985592720510967255e+09 1.099608614268805265e+09 2.974730648293767452e+09
2.985592728533806801e+09 1.099608447338530302e+09 2.974730451475326061e+09
2.985592735908069134e+09 1.099608295381590366e+09 2.974730271920727730e+09
2.985592742660339355e+09 1.099608157681381941e+09 2.974730108842175484e+09
2.985592748815382004e+09 1.099608033417640209e+09 2.974729961324826241e+09
2.985592754403066635e+09 1.099607921811196327e+09 2.974729828495607376e+09
2.985592759457573414e+09 1.099607822053381205e+09 2.974729709454859734e+09
2.985592764009212494e+09 1.099607733344025850e+09 2.974729603300975323e+09
2.985592768086903095e+09 1.099607654904845238e+09 2.974729509146590233e+09
2.985592771721883774e+09 1.099607585960222721e+09 2.974729426115404129e+09
2.985592774947509766e+09 1.099607525768432379e+09 2.974729353355698586e+09
2.985592777793002129e+09 1.099607473615638018e+09 2.974729290042407036e+09
2.985592780285937309e+09 1.099607428803763866e+09 2.974729235382898808e+09
2.985592782456962585e+09 1.099607390676787853e+09 2.974729188619052887e+09
2.985592784330299377e+09 1.099607358585873604e+09 2.974729149009133816e+09
2.985592785938035011e+09 1.099607331995527267e+09 2.974729115918512821e+09
2.985592787295714855e+09 1.099607310300634146e+09 2.974729088652309418e+09
2.985592788432558537e+09 1.099607292988072872e+09 2.974729066624969959e+09
2.985592789370412350e+09 1.099607279567409039e+09 2.974729049249898911e+09
2.985592790130788326e+09 1.099607269636533976e+09 2.974729036046868324e+09
2.985592790731226444e+09 1.099607262716936827e+09 2.974729026481381893e+09
2.985592791186010361e+09 1.099607258449832439e+09 2.974729020118885994e+09
2.985592791518727779e+09 1.099607256451490879e+09 2.974729016525258064e+09
2.985592791740786076e+09 1.099607256460369825e+09 2.974729015369442940e+09
2.985592791868041039e+09 1.099607258143969297e+09 2.974729016255534172e+09
2.985592791915737152e+09 1.099607261228356123e+09 2.974729018884929180e+09
2.985592791886306763e+09 1.099607265498163223e+09 2.974729022973975182e+09
2.985592791802640915e+09 1.099607270707666874e+09 2.974729028262992382e+09
2.985592791666170597e+09 1.099607276688207150e+09 2.974729034521893978e+09
2.985592791487284660e+09 1.099607283263653278e+09 2.974729041547724724e+09
2.985592791275999546e+09 1.099607290268007994e+09 2.974729049155797958e+09
2.930224294450262547e+09 9.376001203197848797e+08 2.932209080879215240e+09
2.930224905276810169e+09 9.376042544094009399e+08 2.932200604030988216e+09
2.930236603782638550e+09 9.376130960547728539e+08 2.932192759281816959e+09
2.930236475781646252e+09 9.375845310510905981e+08 2.932261476471876621e+09
2.930236037552805424e+09 9.376143780727610588e+08 2.932154714337062359e+09
2.930265977988904476e+09 9.375418654906485081e+08 2.932253971938881397e+09
2.930249510008326530e+09 9.375881772914670706e+08 2.932169333820435047e+09
2.930222219549032211e+09 9.375889885150831938e+08 2.932203107224722862e+09
2.930216235472972870e+09 9.375970409444887638e+08 2.932261776077156544e+09
2.930226401774216652e+09 9.375987468377881050e+08 2.932152010455739498e+09
2.930226778035341263e+09 9.376040458985241652e+08 2.932134428228805542e+09
2.930226427340603828e+09 9.376069817211552858e+08 2.932137087809105873e+09
2.930226552459648132e+09 9.376167993380807638e+08 2.932120565193935871e+09
2.930231619554733276e+09 9.375969202431643009e+08 2.932108998032814503e+09
2.930228678323102474e+09 9.375445959080538750e+08 2.932131648680907726e+09
2.930230058537593842e+09 9.375514804447916746e+08 2.932104197525341988e+09
2.930221806872097969e+09 9.376254525090783834e+08 2.932182674117971420e+09
2.930223644981987476e+09 9.376257527369575500e+08 2.932150107426577091e+09
2.930219887847904205e+09 9.377385502433061600e+08 2.932155530632213593e+09
2.930221881898763180e+09 9.377285186666551828e+08 2.932124240817998409e+09
2.930223780051237106e+09 9.377192011784645319e+08 2.932095209650412083e+09
2.930225555722233295e+09 9.377105629374512434e+08 2.932068336129005909e+09
2.930227207286650181e+09 9.377025771241836548e+08 2.932043516907871723e+09
2.930228737325603962e+09 9.376952149598789215e+08 2.932020645184063435e+09
2.930230150453482628e+09 9.376884456141662598e+08 2.931999609897466183e+09
2.930231397598921299e+09 9.376825287093365192e+08 2.931980280633158207e+09
2.930232592228257656e+09 9.376768565265444517e+08 2.931962596768579960e+09
2.930233687617963791e+09 9.376716717105973959e+08 2.931946427239351749e+09
2.930234689978835583e+09 9.376669411991194487e+08 2.931931669533948421e+09
2.930240502361834049e+09 9.377310046520487070e+08 2.931924000051988602e+09
2.930240804485087395e+09 9.377194619662885666e+08 2.931911168729991913e+09
2.930241099729839325e+09 9.377090347628644705e+08 2.931899526774869442e+09
2.930241371678719044e+09 9.376996048737574816e+08 2.931888979902571201e+09
2.930241620763247013e+09 9.376910812907941341e+08 2.931879441184310436e+09
2.930242505832712173e+09 9.376837909205611944e+08 2.931870930442053318e+09
2.930242770948050976e+09 9.376769446675302982e+08 2.931863174947196007e+09
2.930243014503227234e+09 9.376708062715578079e+08 2.931856205729052544e+09
2.930243238755996704e+09 9.376653120535299778e+08 2.931849957333880901e+09
2.930243449860752106e+09 9.376604031429691315e+08 2.931844368405354977e+09
2.930243642891880512e+09 9.376560303592975140e+08 2.931839381763059139e+09
2.930243818680264950e+09 9.376521454801981449e+08 2.931834944348812103e+09
2.930243978324348450e+09 9.376487034674760103e+08 2.931831007093375206e+09
2.930244122013866425e+09 9.376456717019871473e+08 2.931827524955884933e+09
2.930244248937018394e+09 9.376430410891721249e+08 2.931824458639957428e+09
2.930244362836150646e+09 9.376407334536193609e+08 2.931821765241574287e+09
2.930244464618662357e+09 9.376387186056458950e+08 2.931819409059136391e+09
2.930244555166070938e+09 9.376369683628889322e+08 2.931817357189814091e+09
2.930244635366379261e+09 9.376354565664757490e+08 2.931815579364067078e+09
2.930244706077097416e+09 9.376341590343848467e+08 2.931814047791309834e+09
2.930244768117094040e+09 9.376330535093902349e+08 2.931812736988885403e+09
2.930244822268064976e+09 9.376321195523576736e+08 2.931811623635321617e+09
2.930244869265900612e+09 9.376313384815143347e+08 2.931810686427273273e+09
2.930244908581180096e+09 9.376306965379314423e+08 2.931809905946516514e+09
2.930244936440813065e+09 9.376301902424988747e+08 2.931809264517560005e+09
2.930244959786675453e+09 9.376297882733099461e+08 2.931808746000605583e+09
2.930244979098504543e+09 9.376294779306870699e+08 2.931808335817115307e+09
2.930244994814395905e+09 9.376292477538849115e+08 2.931808020757155895e+09
2.930245007329774380e+09 9.376290874452793598e+08 2.931807788884090900e+09
2.930245017018581390e+09 9.376289877078548670e+08 2.931807629436258316e+09
2.930245024207499504e+09 9.376289401697744131e+08 2.931807532666159153e+09
2.930245029216571808e+09 9.376289373672032356e+08 2.931807489907142639e+09
2.930245032316849232e+09 9.376289725954003334e+08 2.931807493333660126e+09
2.930245033769855499e+09 9.376290398917602301e+08 2.931807535982378483e+09
2.930245033795910835e+09 9.376291339040334225e+08 2.931807611573327541e+09
2.930245032610094547e+09 9.376292499436440468e+08 2.931807714616372108e+09
2.930245030406919479e+09 9.376293838048831224e+08 2.931807840183929443e+09
2.930245027335892200e+09 9.376295318261371851e+08 2.931807983931044102e+09
2.930245023559536934e+09 9.376296907483897209e+08 2.931808142031471729e+09
2.930245019205281734e+09 9.376298577456383705e+08 2.931808311128777504e+09
2.930245014395880699e+09 9.376300303398854733e+08 2.931808488283921719e+09
2.930245009229070187e+09 9.376302064055511951e+08 2.931808670941478729e+09
2.930245003797858715e+09 9.376303840677623749e+08 2.931808856889338970e+09
2.930244998184878349e+09 9.376305617808147669e+08 2.931809044242188454e+09
2.930244992458725452e+09 9.376307381586620808e+08 2.931809231321554661e+09
2.930244986676133156e+09 9.376309120993421078e+08 2.931809416810266972e+09
2.930244980893641949e+09 9.376310826338624954e+08 2.931809599500243664e+09
2.930244975151901722e+09 9.376312490037074089e+08 2.931809778428285599e+09
2.930244969491335869e+09 9.376314105790226460e+08 2.931809952832102299e+09
2.930244963939901352e+09 9.376315668409975767e+08 2.931810122061944485e+09
2.930244958521017551e+09 9.376317174213143587e+08 2.931810285609238148e+09
2.930244953257184982e+09 9.376318620366234779e+08 2.931810443093153954e+09
2.930244948168811321e+09 9.376320004894893169e+08 2.931810594251478672e+09
2.930244943260045052e+09 9.376321326580632925e+08 2.931810738843753338e+09
2.930244938552048206e+09 9.376322584785896540e+08 2.931810876804142952e+09
2.930244934041133881e+09 9.376323779647184610e+08 2.931811008075484276e+09
2.930244929735168457e+09 9.376324911752977371e+08 2.931811132668943405e+09
2.930244925635822773e+09 9.376325981736863852e+08 2.931811250645950794e+09
2.930244921742559910e+09 9.376326991022737026e+08 2.931811362106879711e+09
2.930244918052824020e+09 9.376327941011439562e+08 2.931811467193348408e+09
2.930244914565734863e+09 9.376328833558566570e+08 2.931811566063866138e+09
2.930244911275843143e+09 9.376329670328383446e+08 2.931811658903401375e+09
2.930244908178209305e+09 9.376330453585233688e+08 2.931811745922158241e+09
2.930244905270800591e+09 9.376331185323523283e+08 2.931811827332286835e+09
2.930244902544405460e+09 9.376331867866735458e+08 2.931811903364850044e+09
2.930244899991815090e+09 9.376332503323118687e+08 2.931811974250308037e+09
2.930244897606611252e+09 9.376333094032089710e+08 2.931812040228641510e+09
2.930244895381691456e+09 9.376333642315199375e+08 2.931812101536581993e+09
2.930244893310278893e+09 9.376334150266938210e+08 2.931812158413846970e+09
2.930244891386907578e+09 9.376334620223504305e+08 2.931812211111020088e+09
2.930244889598138332e+09 9.376335054229097366e+08 2.931812259813516140e+09
2.970330680735628128e+09 1.076983239904429913e+09 2.935821081882449627e+09
2.970307455730710030e+09 1.076995036319366932e+09 2.935862286772605896e+09
2.970302919091236115e+09 1.077008357516790867e+09 2.935909563954501152e+09
2.970299665558660507e+09 1.077023827655028343e+09 2.935957669866085529e+09
2.970257358395931244e+09 1.076523213176233530e+09 2.935971304796047688e+09
2.970257093897089005e+09 1.076571220583824873e+09 2.936020668336131096e+09
2.970256571743849754e+09 1.076617952533817053e+09 2.936069167422601700e+09
2.970255994424674988e+09 1.076663471377103567e+09 2.936116532688227177e+09
2.970255425550621986e+09 1.076707468566492081e+09 2.936162534034540653e+09
2.970255823857578278e+09 1.076750071154513597e+09 2.936207321238033295e+09
2.970255178511449337e+09 1.076790881714026690e+09 2.936250144560185909e+09
2.970083117816839218e+09 1.076323460434756279e+09 2.936265650057292461e+09
2.970096660273976803e+09 1.076401769215763569e+09 2.936306443163660049e+09
2.970109344728501320e+09 1.076475999451114178e+09 2.936345331690696716e+09
2.970121265295679569e+09 1.076546237586632013e+09 2.936382277036730766e+09
2.970132458867066383e+09 1.076612501366534472e+09 2.936417269305030823e+09
2.970142936514410973e+09 1.076674834990690708e+09 2.936450310429909706e+09
2.970152771103764534e+09 1.076733354585279226e+09 2.936481409907697678e+09
2.970161888618052006e+09 1.076788062963293076e+09 2.936510605053938866e+09
2.970170312424050331e+09 1.076838985785504341e+09 2.936537925854659081e+09
2.970178139391008377e+09 1.076886408461587191e+09 2.936563417904148102e+09
2.970185364632532120e+09 1.076930377286579370e+09 2.936587133435047626e+09
2.970192015138471603e+09 1.076971022870726824e+09 2.936609130946257114e+09
2.970198119003912926e+09 1.077008485205821037e+09 2.936629474227546692e+09
2.970203704271707058e+09 1.077042909640956879e+09 2.936648230920715332e+09
2.970208799270211697e+09 1.077074445721197605e+09 2.936665471768931866e+09
2.970213431089736938e+09 1.077103241433870077e+09 2.936681269645293236e+09
2.970217628959636688e+09 1.077129451086057663e+09 2.936695698822625160e+09
2.970221420042310715e+09 1.077153225196349621e+09 2.936708834231945515e+09
2.970224831228683472e+09 1.077174713740692139e+09 2.936720750842305183e+09
2.970227887350337982e+09 1.077194064302982569e+09 2.936731523074687958e+09
2.970230613741511822e+09 1.077211421261975765e+09 2.936741224323767662e+09
2.970233036798602581e+09 1.077226925050942898e+09 2.936749926496926308e+09
2.970235179979506969e+09 1.077240711771172047e+09 2.936757699673057079e+09
2.970237065698825359e+09 1.077252912461764812e+09 2.936764611782487392e+09
2.970238715286292076e+09 1.077263652744448185e+09 2.936770728341121674e+09
2.970240149033926010e+09 1.077273052738092422e+09 2.936776112270596504e+09
2.970241386138714314e+09 1.077281226695007801e+09 2.936780823719914436e+09
2.970242443583432674e+09 1.077288282895537138e+09 2.936784919959569931e+09
2.970243338016748428e+09 1.077294323763360262e+09 2.936788455302469254e+09
2.970244086667613029e+09 1.077299444971622467e+09 2.936791481034799576e+09
2.970244704631783485e+09 1.077303737456688404e+09 2.936794045491931438e+09
2.970245205680238724e+09 1.077307285296283484e+09 2.936796193963828564e+09
2.970245316057668209e+09 1.077309799156428099e+09 2.936797962264308453e+09
2.970245619371278763e+09 1.077312085478396416e+09 2.936799402528288841e+09
2.970245841689238071e+09 1.077313846364029884e+09 2.936800545230391502e+09
2.970245993061418533e+09 1.077315143979815722e+09 2.936801424224735260e+09
2.970246082684848785e+09 1.077316035416786194e+09 2.936802070740067005e+09
2.970246118944957733e+09 1.077316572953630209e+09 2.936802513471363544e+09
2.970246109466679096e+09 1.077316804312771320e+09 2.936802778695312500e+09
2.970246061158231735e+09 1.077316772892994165e+09 2.936802890395305634e+09
2.970245980251132011e+09 1.077316518015412569e+09 2.936802870377746582e+09
2.970245872344611645e+09 1.077316075195643187e+09 2.936802738403358936e+09
2.970245742447115421e+09 1.077315476368756533e+09 2.936802512309011936e+09
2.970245594299519539e+09 1.077314750622741938e+09 2.936802208152362823e+09
2.970245432497504234e+09 1.077313923000602961e+09 2.936801840271552563e+09
2.970245260534038544e+09 1.077313016123885393e+09 2.936801421465742111e+09
2.970245081471635342e+09 1.077312049958103657e+09 2.936800963089078903e+09
2.970244897986884594e+09 1.077311042051031113e+09 2.936800475168536663e+09
2.970244712393249512e+09 1.077310007705739260e+09 2.936799966502095699e+09
2.970244526677212238e+09 1.077308960189752817e+09 2.936799444766880035e+09
2.970244342535171032e+09 1.077307910915211678e+09 2.936798916617255211e+09
2.970244161391335964e+09 1.077306869610897064e+09 2.936798387772759914e+09
2.970243984433849812e+09 1.077305844485582829e+09 2.936797863109151363e+09
2.970243812635079384e+09 1.077304842381247044e+09 2.936797346736861229e+09
2.970243646775314331e+09 1.077303868911689043e+09 2.936796842081574917e+09
2.970243487465543747e+09 1.077302928597846985e+09 2.936796351951152802e+09
2.970243335167418480e+09 1.077302024983268261e+09 2.936795878604346752e+09
2.970243190207959652e+09 1.077301160758383512e+09 2.936795423813525200e+09
2.970243052801617146e+09 1.077300337853358746e+09 2.936794988916939259e+09
2.970242923062574863e+09 1.077299557537835360e+09 2.936794574875657082e+09
2.970242801017717838e+09 1.077298820509807587e+09 2.936794182318982124e+09
2.970242686621746063e+09 1.077298126973364353e+09 2.936793811588184357e+09
2.970242579766416073e+09 1.077297476705725431e+09 2.936793462777799606e+09
2.970242480369701862e+09 1.077296869351005316e+09 2.936793135786222935e+09
2.970242387997341156e+09 1.077296303368761301e+09 2.936792830264873505e+09
2.970242302692351818e+09 1.077295778437219620e+09 2.936792545831555367e+09
2.970242224003524780e+09 1.077295292698633432e+09 2.936792281870761395e+09
2.970242151682808876e+09 1.077294844779479980e+09 2.936792037716965199e+09
2.970242085491203785e+09 1.077294433247859240e+09 2.936791812643140316e+09
2.970242025081225395e+09 1.077294056305512905e+09 2.936791605827749729e+09
2.970241970137101650e+09 1.077293712205160141e+09 2.936791416417300701e+09
2.970241920340320110e+09 1.077293399158965588e+09 2.936791243527971745e+09
2.970241875372672081e+09 1.077293115366219282e+09 2.936791086259083271e+09
2.970241834921482086e+09 1.077292859031510353e+09 2.936790943703403473e+09
2.970242081333030224e+09 1.077292980484722614e+09 2.936790820818104744e+09
2.970242048949518681e+09 1.077292773900305033e+09 2.936790705159538746e+09
2.970242020209132195e+09 1.077292589624842882e+09 2.936790601531094074e+09
2.970241994821801662e+09 1.077292425967088461e+09 2.936790509088162422e+09
2.970241972514127254e+09 1.077292281328846216e+09 2.936790426996210098e+09
2.970241953027338505e+09 1.077292154179128170e+09 2.936790354454638481e+09
2.970241936118541241e+09 1.077292043060875416e+09 2.936790290695313931e+09
2.970241921555703163e+09 1.077291946592130661e+09 2.936790234985922337e+09
2.970241909119713306e+09 1.077291863460716963e+09 2.936790186630695343e+09
2.970241898608159542e+09 1.077291792430976629e+09 2.936790144971091747e+09
2.970241889827506542e+09 1.077291732338787079e+09 2.936790109385161877e+09
2.970241882601696968e+09 1.077291682103646517e+09 2.936790079291606426e+09
2.970241876762344837e+09 1.077291640707590818e+09 2.936790054143102646e+09
2.970241872156791687e+09 1.077291607210166693e+09 2.936790033430373192e+09
2.970241868643410683e+09 1.077291580738457203e+09 2.936790016680611134e+09
2.837858361442795277e+09 1.152142171744388103e+09 2.842577793337163925e+09
2.837833840553908825e+09 1.152118428901727200e+09 2.842535692606173038e+09
2.837835691418169022e+09 1.152102890362625122e+09 2.842494293587839127e+09
2.837838779985329151e+09 1.152089482755322695e+09 2.842451914970955372e+09
2.837840904829800606e+09 1.152077084362587214e+09 2.842409068935135841e+09
2.837843813214894772e+09 1.152063811703754187e+09 2.842367527422330856e+09
2.837846586514770985e+09 1.152050870560374260e+09 2.842326929015142441e+09
2.837849313363735199e+09 1.152038343218942642e+09 2.842287602447300911e+09
2.837851966227328777e+09 1.152026068098906994e+09 2.842249633614342213e+09
2.837854478619417191e+09 1.152014579324442625e+09 2.842213238239672184e+09
2.837878813306438446e+09 1.152287227951285124e+09 2.842199568809580326e+09
2.837879376338232517e+09 1.152254629527048349e+09 2.842165071416470051e+09
2.837879970196230888e+09 1.152223805321353436e+09 2.842132352706888199e+09
2.837880538075658798e+09 1.152194716449288845e+09 2.842101414199279308e+09
2.837881079253383160e+09 1.152167337430532455e+09 2.842072244933190346e+09
2.837881592396986485e+09 1.152141612086740017e+09 2.842044820728111744e+09
2.837882080208900928e+09 1.152117535578809261e+09 2.842019107684379578e+09
2.837882542251966476e+09 1.152095050135337114e+09 2.841995059635406494e+09
2.837882977229923248e+09 1.152074104279904366e+09 2.841972621036363125e+09
2.837883386531785965e+09 1.152054633248812914e+09 2.841951732866379738e+09
2.837883772138575077e+09 1.152036566721733093e+09 2.841932331631416321e+09
2.837884134007663250e+09 1.152019840957729101e+09 2.841914349430084705e+09
2.837884472518345833e+09 1.152004389114077568e+09 2.841897716223598957e+09
2.837884788150935650e+09 1.151990141583249807e+09 2.841882361306814194e+09
2.837885083701021194e+09 1.151977029809465408e+09 2.841868216310564995e+09
2.837885359135591030e+09 1.151964987142131567e+09 2.841855210037399292e+09
2.837885615560594559e+09 1.151953947484041214e+09 2.841843273765374184e+09
2.837885091072126389e+09 1.151945301299873352e+09 2.841831685959597111e+09
2.837885312636558533e+09 1.151936075572930574e+09 2.841821690010451317e+09
2.837885519622745037e+09 1.151927664343000650e+09 2.841812568616120815e+09
2.837885760809633255e+09 1.151920929884169579e+09 2.841804268860051632e+09
2.837906272240616322e+09 1.151962893970071554e+09 2.841800414174564362e+09
2.837904205981300354e+09 1.151949890602169991e+09 2.841793214442809105e+09
2.837902333358622074e+09 1.151938167696767807e+09 2.841786707117812157e+09
2.837900642846206188e+09 1.151927618814061642e+09 2.841780818284650326e+09
2.837899121469615459e+09 1.151918145691679955e+09 2.841775507415637493e+09
2.837897767242367268e+09 1.151909650047062159e+09 2.841770750566156864e+09
2.837896557032477379e+09 1.151902060924215794e+09 2.841766484273118019e+09
2.837895477635859966e+09 1.151895299801599741e+09 2.841762667809479237e+09
2.837894516788527012e+09 1.151889297567990303e+09 2.841759263188256264e+09
2.837893662850776672e+09 1.151883986110259533e+09 2.841756234947025776e+09
2.837892904811001778e+09 1.151879302725516319e+09 2.841753550133916855e+09
2.837892254619023323e+09 1.151875217753190041e+09 2.841751175370839119e+09
2.837891693246170998e+09 1.151871664272827625e+09 2.841749083498819351e+09
2.837891206811599255e+09 1.151868585953534603e+09 2.841747248884696007e+09
2.837890784569596767e+09 1.151865868258354187e+09 2.841745646845364571e+09
2.837890419691042423e+09 1.151863466929347992e+09 2.841744254594982147e+09
2.837890108912660122e+09 1.151861406540011883e+09 2.841743051525836468e+09
2.837891665054226875e+09 1.151866706275442362e+09 2.841742755082139969e+09
2.837891460195059299e+09 1.151865166740584373e+09 2.841741883160809994e+09
2.837891305327610016e+09 1.151863953684276581e+09 2.841741153642911911e+09
2.837891081455827236e+09 1.151862788742015839e+09 2.841740504898557186e+09
2.837890931358845234e+09 1.151861905855096340e+09 2.841739981922218323e+09
2.837890813377875805e+09 1.151861131564166784e+09 2.841739559896926880e+09
2.837890719001304150e+09 1.151860482551645517e+09 2.841739222060556889e+09
2.837890648365789413e+09 1.151859964003396034e+09 2.841738959281409740e+09
2.837890594183815002e+09 1.151859524946932077e+09 2.841738761378805161e+09
2.837890556950345516e+09 1.151859169961617708e+09 2.841738620822710991e+09
2.837890536874573231e+09 1.151858913377133369e+09 2.841738530734230518e+09
2.837890531261647224e+09 1.151858746162754774e+09 2.841738484212043762e+09
2.837890537739016533e+09 1.151858658964336872e+09 2.841738475042428017e+09
2.837890554285941601e+09 1.151858642824470758e+09 2.841738497676774025e+09
2.837890579131463051e+09 1.151858688796133757e+09 2.841738547150652409e+09
2.837890610736642361e+09 1.151858788272138834e+09 2.841738619044958591e+09
2.837890647770561218e+09 1.151858933189500809e+09 2.841738709431108475e+09
2.837890689082485676e+09 1.151859116103030205e+09 2.841738814834828854e+09
2.837890733678880692e+09 1.151859330221465588e+09 2.841738932187717915e+09
2.837890780696464539e+09 1.151859569409108639e+09 2.841739058790971279e+09
2.837890829402873516e+09 1.151859828196048260e+09 2.841739192284526825e+09
2.837890879159450054e+09 1.151860101707918406e+09 2.841739330608389854e+09
2.837890929425957203e+09 1.151860385674735069e+09 2.841739471974612713e+09
2.837890979739316463e+09 1.151860676319350719e+09 2.841739614842774391e+09
2.837891029709038258e+09 1.151860970394532442e+09 2.841739757886642456e+09
2.837891079009050846e+09 1.151861265091985226e+09 2.841739899986392975e+09
2.837891127362518311e+09 1.151861558000525475e+09 2.841740040191045761e+09
2.837891174551795959e+09 1.151861847102846861e+09 2.841740177708032131e+09
2.837891220386726379e+09 1.151862130686535597e+09 2.841740311884694576e+09
2.837891264732893944e+09 1.151862407369098663e+09 2.841740442193502426e+09
2.837891307469905853e+09 1.151862676000586271e+09 2.841740568211604118e+09
2.837891348520980835e+09 1.151862935679582834e+09 2.841740689617519855e+09
2.837891387825710773e+09 1.151863185718733072e+09 2.841740806168972969e+09
2.837891425346739292e+09 1.151863425597136259e+09 2.841740917698839188e+09
2.837891461068758011e+09 1.151863654971283197e+09 2.841741024105618000e+09
2.837891494990586281e+09 1.151863873615408421e+09 2.841741125338430882e+09
2.837891527118523121e+09 1.151864081443587780e+09 2.841741221397483826e+09
2.837891557484386444e+09 1.151864278454085588e+09 2.841741312318437576e+09
2.837891586117098808e+09 1.151864464737556458e+09 2.841741398174201965e+09
2.837891613057005882e+09 1.151864640454214334e+09 2.841741479065970898e+09
2.837891638352018356e+09 1.151864805824867010e+09 2.841741555114388943e+09
2.837891662055691719e+09 1.151864961124714136e+09 2.841741626463709831e+09
2.837891684226995468e+09 1.151865106665341854e+09 2.841741693268912792e+09
2.837891704921866894e+09 1.151865242776130199e+09 2.841741755697329998e+09
2.837891724204825401e+09 1.151865369831028938e+09 2.841741813926699162e+09
2.837891742143585205e+09 1.151865488207297087e+09 2.841741868139705181e+09
2.837891758794170380e+09 1.151865598296411991e+09 2.841741918521103859e+09
2.837891774226645947e+09 1.151865700483525991e+09 2.841741965258362770e+09
2.837891788504325390e+09 1.151865795184207201e+09 2.841742008538769722e+09
2.837891801689294815e+09 1.151865882781684399e+09 2.841742048547891617e+09
2.837891813845818043e+09 1.151865963676860332e+09 2.841742085468573570e+09
2.837891825032635212e+09 1.151866038245352507e+09 2.841742119480493546e+09
