2.879968130653301239e+09 1.146809552590262175e+09 2.949390758347438335e+09
2.881094740265067101e+09 1.147785590449071169e+09 2.950539064925466537e+09
2.882139691988884926e+09 1.148574994011349678e+09 2.951696369857401371e+09
2.883111410964597225e+09 1.149306021991251945e+09 2.952760719502418995e+09
2.884008324730175972e+09 1.149981504753591061e+09 2.953741708294854164e+09
2.884833354561974049e+09 1.150603165196168661e+09 2.954643233344202042e+09
2.885589470602669239e+09 1.151173159697276354e+09 2.955468702979966164e+09
2.886279627634106159e+09 1.151693661619606256e+09 2.956221502716689587e+09
2.886906781114944935e+09 1.152166851777799129e+09 2.956904992969636440e+09
2.887473883333464146e+09 1.152594914808590412e+09 2.957522510249763966e+09
2.974799858789463997e+09 1.363193968070241213e+09 3.046536077447728157e+09
2.945511791135968685e+09 1.276563389036732674e+09 2.995942563274951935e+09
2.955125370790894985e+09 1.271512798784540415e+09 3.003512346832328796e+09
2.931671567138427734e+09 1.235665859787915468e+09 2.968511798681415081e+09
2.925251419955859184e+09 1.222122862157773256e+09 2.967064405566295147e+09
2.906230867265630245e+09 1.204193343232844591e+09 2.959897059627826214e+09
2.896980000915174484e+09 1.165444958085657358e+09 2.958651952467092514e+09
2.880195302078750610e+09 1.170206868969402790e+09 2.955021722297120571e+09
2.861660512292454243e+09 1.135395919973994255e+09 2.947619900065128326e+09
2.866117212481621742e+09 1.126880766138727188e+09 2.939605000134536743e+09
2.854050158340692043e+09 1.114112397382221937e+09 2.937321094397859097e+09
2.859916446563321590e+09 1.114697007016260862e+09 2.941063841725964546e+09
2.859141859169356346e+09 1.117924676050664425e+09 2.942680639797374725e+09
2.864312088139159203e+09 1.123587489294173479e+09 2.942493158566471577e+09
2.868890887512378216e+09 1.130262614529669046e+09 2.947373024725213528e+09
2.871227961440670013e+09 1.131329699158120632e+09 2.946049673381459713e+09
2.878565670812690735e+09 1.138190595085721731e+09 2.946912561793613434e+09
2.878495952274202347e+09 1.136500933186094284e+09 2.947039435436710835e+09
2.877910826850961208e+09 1.134894934542884588e+09 2.949782081003887653e+09
2.876488929354495525e+09 1.136272850497236490e+09 2.949952731127058983e+09
2.876167557106920719e+09 1.135725210616563797e+09 2.949801740014600277e+09
2.876518008401329041e+09 1.138256717327996492e+09 2.949690913395358562e+09
2.875795258786257744e+09 1.138460039692002296e+09 2.948592432309597969e+09
2.876177649849657059e+09 1.139409085921910286e+09 2.948233631382719517e+09
2.875947415058328152e+09 1.139526314767991066e+09 2.947728840871667862e+09
2.877215055947960854e+09 1.139576558094608307e+09 2.947739915054307461e+09
2.877383428420827866e+09 1.139915627528703928e+09 2.947906185073992729e+09
2.878278709686543465e+09 1.140727728280959368e+09 2.948003302906483650e+09
2.878508234274440289e+09 1.141684931869507313e+09 2.948007626430141449e+09
2.878494290878902912e+09 1.141916030232741117e+09 2.948042324227156162e+09
2.878726570183761597e+09 1.142305450435394526e+09 2.948143387874805927e+09
2.878526826854157925e+09 1.142456260381571054e+09 2.948136460644052505e+09
2.878669440034702301e+09 1.142666178093780756e+09 2.948308110003048897e+09
2.878356197842516899e+09 1.142556382531641245e+09 2.948517911231109619e+09
2.878171656625174046e+09 1.142552326514036179e+09 2.948736828994512558e+09
2.878186406175621033e+09 1.142872797809059143e+09 2.948953041423510075e+09
2.878205075623082161e+09 1.142974151954508305e+09 2.949143504411045074e+09
2.878286694020800114e+09 1.143133896794338703e+09 2.949301494977618694e+09
2.878278786448353767e+09 1.143200889707333565e+09 2.949376900651646137e+09
2.878389180650629997e+09 1.143383361248090267e+09 2.949400953940120697e+09
2.878398636557298183e+09 1.143454288206888437e+09 2.949424192683938980e+09
2.878485080839250088e+09 1.143490665282510042e+09 2.949425076749222755e+09
2.878548885822695255e+09 1.143602161849273205e+09 2.949443897866694450e+09
2.878595958883091927e+09 1.143675825360723734e+09 2.949439473821718216e+09
2.878645546711974621e+09 1.143705553504927635e+09 2.949449378658155441e+09
2.878658285025550842e+09 1.143681485726567268e+09 2.949438612550878048e+09
2.878691877599459171e+09 1.143697525026767492e+09 2.949441752617083549e+09
2.878699404128274918e+09 1.143692068883563995e+09 2.949446051555456161e+09
2.878721170719053745e+09 1.143687805723057032e+09 2.949447498224059105e+09
2.878723282896404743e+09 1.143670057874019146e+09 2.949449900539894104e+09
2.878720408063882828e+09 1.143657542893425226e+09 2.949447295633686066e+09
2.878721699595688820e+09 1.143646956617300987e+09 2.949448831017045975e+09
2.878713546936520576e+09 1.143620685318822145e+09 2.949444276025544643e+09
2.878714754531014442e+09 1.143603416352580070e+09 2.949447190160828590e+09
2.878705679501021385e+09 1.143588896481149197e+09 2.949446596272339821e+09
2.878702849862848282e+09 1.143579906772642612e+09 2.949447408694912910e+09
2.878694113766111851e+09 1.143564811101842403e+09 2.949447581057085037e+09
2.878688323637866020e+09 1.143553248848894835e+09 2.949446253231483936e+09
2.878682525689225674e+09 1.143545320678958893e+09 2.949446699492530823e+09
2.878676667354958057e+09 1.143537939859350204e+09 2.949445606522593498e+09
2.878673335329548359e+09 1.143530701440355778e+09 2.949446107763514996e+09
2.878667355277974129e+09 1.143524467313951492e+09 2.949445315235830784e+09
2.878664493438280106e+09 1.143521036620376348e+09 2.949445600329094410e+09
2.878660041010212898e+09 1.143517164638986349e+09 2.949445023390848160e+09
2.878657431197129726e+09 1.143513582823566914e+09 2.949444651860394001e+09
2.878654588152322292e+09 1.143510767065509558e+09 2.949444384522930622e+09
2.878652257181773663e+09 1.143509121132489920e+09 2.949443881924547195e+09
2.878650576069043636e+09 1.143507680343855858e+09 2.949443845658360004e+09
2.878648663767167568e+09 1.143506014029093742e+09 2.949443378369670868e+09
2.878647606878977299e+09 1.143505049514066696e+09 2.949443280595875740e+09
2.878646217670440674e+09 1.143504512721667290e+09 2.949442961111317635e+09
2.878645571706643581e+09 1.143503983045331478e+09 2.949442833356983185e+09
2.878644763043608189e+09 1.143503565223309994e+09 2.949442644621850967e+09
2.878644263496941090e+09 1.143503326213238239e+09 2.949442515371485233e+09
2.878643878635199070e+09 1.143503354416609526e+09 2.949442476375387669e+09
2.878643538755930901e+09 1.143503316119327068e+09 2.949442354201551914e+09
2.878643361103546143e+09 1.143503253300470829e+09 2.949442290322302818e+09
2.878643148139048100e+09 1.143503303134365797e+09 2.949442208391602516e+09
2.878643107382755280e+09 1.143503434022307634e+09 2.949442182725584030e+09
2.878643003371479511e+09 1.143503554908596992e+09 2.949442131860896111e+09
2.878642975140113831e+09 1.143503568371684074e+09 2.949442116622623444e+09
2.878642997498859882e+09 1.143503755099342346e+09 2.949442082121975422e+09
2.878642983503686905e+09 1.143503838115509510e+09 2.949442092799823761e+09
2.878643023213881016e+09 1.143503935728726864e+09 2.949442056852472305e+09
2.878643035086059570e+09 1.143503996100191593e+09 2.949442055553375244e+09
2.878643075818192005e+09 1.143504044333244801e+09 2.949442039810405731e+09
2.878643119800366402e+09 1.143504165458478928e+09 2.949442057216716290e+09
2.878643151177691936e+09 1.143504209116723776e+09 2.949442061872442722e+09
2.970285966311852455e+09 1.319508863842159271e+09 3.028653722221148014e+09
2.946068449129601955e+09 1.294252548112158060e+09 3.008519349301231861e+09
3.036065984210606098e+09 1.235924062013629913e+09 3.040974905290706158e+09
3.011459989528481483e+09 1.197001784730894089e+09 3.008681401087142467e+09
3.019311386737805367e+09 1.185028916705828190e+09 3.006197209918990135e+09
3.013643472353975773e+09 1.172108320919979572e+09 3.000224295925635815e+09
3.007663073785170555e+09 1.143903989467680454e+09 2.990281658643920898e+09
2.993625876200057983e+09 1.130362574557962894e+09 2.988318019554987431e+09
2.989461029791386127e+09 1.112848417264307022e+09 2.981485597280593872e+09
2.995726471433477402e+09 1.104642158598351240e+09 2.971343963127282143e+09
2.984401287609267712e+09 1.091317893525586128e+09 2.959980628858829498e+09
2.995517093455435276e+09 1.090917063106836081e+09 2.959817556401308060e+09
2.979527357523538589e+09 1.083448487617359638e+09 2.951718303547355652e+09
2.981990113050767422e+09 1.090170445466497421e+09 2.959253375353024960e+09
2.984307655118320465e+09 1.084329066334608078e+09 2.958780858231350899e+09
2.985680795539291859e+09 1.089889819135987043e+09 2.963322474731195450e+09
2.985105464954179287e+09 1.084833923582020760e+09 2.967597262194445133e+09
2.984751816190462112e+09 1.086898986984189987e+09 2.969658912288997173e+09
2.985600594589159012e+09 1.086889258056635857e+09 2.973090913956656456e+09
2.983969817443877220e+09 1.088248470018741131e+09 2.972696961244310856e+09
2.986506048627805233e+09 1.087893304963126659e+09 2.973871539345309258e+09
2.984047400567270279e+09 1.090619388813635588e+09 2.972900889231950760e+09
2.986111320042919159e+09 1.090491164884809494e+09 2.973767796221566677e+09
2.985456285637520313e+09 1.090851756671243191e+09 2.973075644968035698e+09
2.986444024280536175e+09 1.091896314611984491e+09 2.973334651364437103e+09
2.986081271451606750e+09 1.092439328738877058e+09 2.972668448175572872e+09
2.986551050002624035e+09 1.093681810147569418e+09 2.972505888652786732e+09
2.986776532697365761e+09 1.094112539955671549e+09 2.972337681211786747e+09
2.986699222427183151e+09 1.094959380494157553e+09 2.971780000930201054e+09
2.987254599789689064e+09 1.095394520367780685e+09 2.972011929843809128e+09
2.987375280689711571e+09 1.096123254318042278e+09 2.971630212371402740e+09
2.987801877737657070e+09 1.096465446884752512e+09 2.971914679819363594e+09
2.987750244783027649e+09 1.096736895162112713e+09 2.971689194922795773e+09
2.988097791174010754e+09 1.097087792422870159e+09 2.971807568747697830e+09
2.987992706459990978e+09 1.097202131242237568e+09 2.971648531877434254e+09
2.988188228643400669e+09 1.097328839570915699e+09 2.971648445862025261e+09
2.988188602441741467e+09 1.097346912098986387e+09 2.971569260261745453e+09
2.988185317817823887e+09 1.097482195461163998e+09 2.971487739920192719e+09
2.988259191702939987e+09 1.097406885981262445e+09 2.971495347752433777e+09
2.988210113463275433e+09 1.097420256686853409e+09 2.971349631068483829e+09
2.988275722783568859e+09 1.097409306481307983e+09 2.971347577143025398e+09
2.988208941526264191e+09 1.097384399337985992e+09 2.971240275518583298e+09
2.988283835538332939e+09 1.097386357552796125e+09 2.971258364152501583e+09
2.988224804575004101e+09 1.097349631386205435e+09 2.971201190490495205e+09
2.988261942166357517e+09 1.097348518421768188e+09 2.971222686203215599e+09
2.988243636939208031e+09 1.097322018910218239e+09 2.971207459381820679e+09
2.988240107363712311e+09 1.097315751446367741e+09 2.971216928410769939e+09
2.988244311440587044e+09 1.097288039300843239e+09 2.971232366549083233e+09
2.988224595384701729e+09 1.097285635874925375e+09 2.971231994156949520e+09
2.988239604266315460e+09 1.097274658854583263e+09 2.971258725197668076e+09
2.988215186003630161e+09 1.097266021616176844e+09 2.971252358745172501e+09
2.988233338130149841e+09 1.097264609174498796e+09 2.971272395467510700e+09
2.988214172895950317e+09 1.097260717291729212e+09 2.971265895575382233e+09
2.988225540544018745e+09 1.097262909409923792e+09 2.971277420629559517e+09
2.988219028177949905e+09 1.097259977318700314e+09 2.971273500072593689e+09
2.988221222785158634e+09 1.097264654269774437e+09 2.971276986561461926e+09
2.988222762845110416e+09 1.097263722716390133e+09 2.971277728096297741e+09
2.988219711312015057e+09 1.097266618414055109e+09 2.971275395594285011e+09
2.988225016603644371e+09 1.097266562001014709e+09 2.971278412274139881e+09
2.988219223549272537e+09 1.097267057800909758e+09 2.971274125811259270e+09
2.988224850315124989e+09 1.097267560163563251e+09 2.971277324561454296e+09
2.988219909899511337e+09 1.097266564194921255e+09 2.971273693615764618e+09
2.988223179876196861e+09 1.097266836307398796e+09 2.971275784879680634e+09
2.988220678774932861e+09 1.097265450653403521e+09 2.971273745407543659e+09
2.988221394771798611e+09 1.097265657742302895e+09 2.971274360060775757e+09
2.988221100878683567e+09 1.097264337163302660e+09 2.971274005155673027e+09
2.988220086526479721e+09 1.097264176494859695e+09 2.971273434554716587e+09
2.988221147664952755e+09 1.097263486335652351e+09 2.971274194962507725e+09
2.988219496708476067e+09 1.097263253694685698e+09 2.971273334759079933e+09
2.988220881211055756e+09 1.097262951948315620e+09 2.971274429247630596e+09
2.988219478445704937e+09 1.097262631970107317e+09 2.971273695843139648e+09
2.988220397286935806e+09 1.097262680481953859e+09 2.971274564830027580e+09
2.988219654508047104e+09 1.097262382577855110e+09 2.971274258044106007e+09
2.988220024764245987e+09 1.097262523836263657e+09 2.971274704646248817e+09
2.988219902544192791e+09 1.097262371606478930e+09 2.971274744003332138e+09
2.988219766065595627e+09 1.097262532325321198e+09 2.971274784124975204e+09
2.988220045010530472e+09 1.097262424225811958e+09 2.971275021609063625e+09
2.988219673661103725e+09 1.097262535259610653e+09 2.971274835439233780e+09
2.988220059064710617e+09 1.097262530695895672e+09 2.971275045581261158e+09
2.988219713536142349e+09 1.097262607162798166e+09 2.971274859350322723e+09
2.988220033516999722e+09 1.097262713466346502e+09 2.971275050653205395e+09
2.988219847414517403e+09 1.097262679951166868e+09 2.971274889354310513e+09
2.988219948023716927e+09 1.097262712911178350e+09 2.971274959403543472e+09
2.988219929605618000e+09 1.097262682994237423e+09 2.971274875145690441e+09
2.988219892963010311e+09 1.097262755496901274e+09 2.971274884582563877e+09
2.988219986813110828e+09 1.097262710033786774e+09 2.971274894379961014e+09
2.988219881271294594e+09 1.097262711185871363e+09 2.971274818713938713e+09
2.988219971442248344e+09 1.097262723378437996e+09 2.971274843479905605e+09
2.988219894705049038e+09 1.097262752978597641e+09 2.971274812680142403e+09
2.988219962597010612e+09 1.097262713802145243e+09 2.971274861817510605e+09
2.988219912004616737e+09 1.097262709853513718e+09 2.971274814013445377e+09
2.988219942495328903e+09 1.097262680323298931e+09 2.971274855238183022e+09
2.988219931635667324e+09 1.097262695443634987e+09 2.971274839651132107e+09
2.988219910389133930e+09 1.097262707209096432e+09 2.971274838876173973e+09
2.988219935568542957e+09 1.097262705902979136e+09 2.971274869550706387e+09
2.988219917253239632e+09 1.097262711774467707e+09 2.971274848991556168e+09
2.988219917732007027e+09 1.097262689596062660e+09 2.971274835516564846e+09
2.988219907607405663e+09 1.097262703135578632e+09 2.971274832999983311e+09
2.988219926060316086e+09 1.097262721826733589e+09 2.971274847150199413e+09
2.988219909587739468e+09 1.097262699310796261e+09 2.971274847398679256e+09
2.988219935430876255e+09 1.097262676804039240e+09 2.971274842910447121e+09
2.988219953644381523e+09 1.097262722157001257e+09 2.971274876079647064e+09
2.988219914365193844e+09 1.097262699272950411e+09 2.971274836288691044e+09
2.988219928751961708e+09 1.097262704611731529e+09 2.971274842731183529e+09
2.988219912241181374e+09 1.097262691025379419e+09 2.971274847330715179e+09
2.988219932553604603e+09 1.097262732922830582e+09 2.971274848449488640e+09
2.988219894421685696e+09 1.097262678782162666e+09 2.971274850567193031e+09
2.988219961211545467e+09 1.097262711914115191e+09 2.971274834812885284e+09
2.988219923954527378e+09 1.097262682055293560e+09 2.971274841837593079e+09
2.988219956069173813e+09 1.097262722070907593e+09 2.971274859482830524e+09
2.738822748439115524e+09 6.396320500527102947e+08 2.873364372196691513e+09
2.745517119165977478e+09 6.863563653717968464e+08 2.863637170518498898e+09
2.800342927677997112e+09 6.554210623997581005e+08 2.875989885471732140e+09
2.807580448991282463e+09 6.532990491903084517e+08 2.861380122280527592e+09
2.806639083407593250e+09 6.769743940071102381e+08 2.878359834966471672e+09
2.848796309298044205e+09 7.625429597942352295e+08 2.856981590478485107e+09
2.825785128080623627e+09 8.074734511961307526e+08 2.872978146768640995e+09
2.895766430313502312e+09 8.104979301633275747e+08 2.884922438712731361e+09
2.892093908770280838e+09 8.443272921187298298e+08 2.890406958449595451e+09
2.922126142091972828e+09 8.220343753683962822e+08 2.913127368953362942e+09
2.935612183964428902e+09 8.531596384635832310e+08 2.948506709517662048e+09
2.937141253872913361e+09 8.470924390268173218e+08 2.937883958874589920e+09
2.920665879614829540e+09 8.604863673280926943e+08 2.947431135478536129e+09
2.933714339852039814e+09 8.737588615159468651e+08 2.944869362100388527e+09
2.919881470814588070e+09 8.975503550565643311e+08 2.939650315067359447e+09
2.920195789334722042e+09 9.113595619324082136e+08 2.937847367829226494e+09
2.931287828526469231e+09 9.286071165322819948e+08 2.936437631261919975e+09
2.930994572461873055e+09 9.442892661958143711e+08 2.936806111435748577e+09
2.930849505436283588e+09 9.440143750761781931e+08 2.937609963034388065e+09
2.935291049623964310e+09 9.481415001924575567e+08 2.939811759768219471e+09
2.934576151950538158e+09 9.524622244122718573e+08 2.937803975407603264e+09
2.936832577865975857e+09 9.547831848134976625e+08 2.941294884809249401e+09
2.936515335106140614e+09 9.521299860276507139e+08 2.938162767125268459e+09
2.936870433395417690e+09 9.521714956675487757e+08 2.936242555378133297e+09
2.933702511363928318e+09 9.514234498814787865e+08 2.934631737171155930e+09
2.933602061624266148e+09 9.504268878758128881e+08 2.932958495437343121e+09
2.932613991803541660e+09 9.480353137898335457e+08 2.932419630256683350e+09
2.931568077149576664e+09 9.473887141262587309e+08 2.931552054170703888e+09
2.931490606843117714e+09 9.451366230868195295e+08 2.930898847009643555e+09
2.930712028466202736e+09 9.432220499007277489e+08 2.930481002444917202e+09
2.930992720299536705e+09 9.427549435229291916e+08 2.930427888895757675e+09
2.930326971746911526e+09 9.414384588742167950e+08 2.929808983966285229e+09
2.930556354394625187e+09 9.414064335886431932e+08 2.930231458450228691e+09
2.930307849350999832e+09 9.406275994302555323e+08 2.930071753807955265e+09
2.930377352750946999e+09 9.409207309024617672e+08 2.930087961775571346e+09
2.930085483032891750e+09 9.404591737558178902e+08 2.930264072512028217e+09
2.930287051564119816e+09 9.404713116630816460e+08 2.930274871588591576e+09
2.929909783043540955e+09 9.402873400020103455e+08 2.930439621924332142e+09
2.929845711037904263e+09 9.402368931556960344e+08 2.930453858188577175e+09
2.929755208300268173e+09 9.401131402742134333e+08 2.930350433407994270e+09
2.929526502416008472e+09 9.399387477415013313e+08 2.930237028775907040e+09
2.929499671317093372e+09 9.398758077793930769e+08 2.930186452963014126e+09
2.929334903468227386e+09 9.396244106567503214e+08 2.930008594918911934e+09
2.929307519934411049e+09 9.396011658588083982e+08 2.929958962680978298e+09
2.929206805051518917e+09 9.394172063435422182e+08 2.929829737225165844e+09
2.929212437057325363e+09 9.394290825649359226e+08 2.929748198638900280e+09
2.929156804919062138e+09 9.393494833737300634e+08 2.929707061653689384e+09
2.929194047916774750e+09 9.393887490418365002e+08 2.929643447351650715e+09
2.929168317883883476e+09 9.393786951428927183e+08 2.929606992374645233e+09
2.929189411322065830e+09 9.394164055115761757e+08 2.929581370465328217e+09
2.929201367285062790e+09 9.394435402299174070e+08 2.929561631308002949e+09
2.929194217058093071e+09 9.394595206850042343e+08 2.929543485121780872e+09
2.929209774049503803e+09 9.394887002968714237e+08 2.929541296584007740e+09
2.929195974898614407e+09 9.394811145297015905e+08 2.929521852216553211e+09
2.929199050963387966e+09 9.394982323617924452e+08 2.929521076792632580e+09
2.929185572527257919e+09 9.394781255024102926e+08 2.929511327031548023e+09
2.929186330429703236e+09 9.394801086694507599e+08 2.929503528427093029e+09
2.929171556344000816e+09 9.394613767305412292e+08 2.929498395326694012e+09
2.929173871431108952e+09 9.394588294127275944e+08 2.929490672271086693e+09
2.929166196469265938e+09 9.394475765026398897e+08 2.929485488060558796e+09
2.929166615660141945e+09 9.394459320609816313e+08 2.929480926829977512e+09
2.929167160060132027e+09 9.394448064655749798e+08 2.929477275359450340e+09
2.929166911427854061e+09 9.394455239130237103e+08 2.929473524479835033e+09
2.929170617197151184e+09 9.394512303708888292e+08 2.929473280897452831e+09
2.929171303103156567e+09 9.394534220249874592e+08 2.929470994170516968e+09
2.929174648061038971e+09 9.394607718469150066e+08 2.929471618930167198e+09
2.929175132920080185e+09 9.394630530225019455e+08 2.929471504873305798e+09
2.929177787118586540e+09 9.394686019188573360e+08 2.929471940117607117e+09
2.929177238046929836e+09 9.394697159045318365e+08 2.929472776612179279e+09
2.929178780464333057e+09 9.394725120695675611e+08 2.929473286239842892e+09
2.929178180978227615e+09 9.394725580660922527e+08 2.929473836740980148e+09
2.929178401125314713e+09 9.394731884107325077e+08 2.929474351013458252e+09
2.929178286009375572e+09 9.394728225393061638e+08 2.929474746065575600e+09
2.929177979749296665e+09 9.394723674215334654e+08 2.929474860797397137e+09
2.929178119673888206e+09 9.394723213966675997e+08 2.929475271825044155e+09
2.929177991057500362e+09 9.394717914818339348e+08 2.929475210054547787e+09
2.929178315619525433e+09 9.394721846602061987e+08 2.929475503185343742e+09
2.929178324798179150e+09 9.394720354280760288e+08 2.929475611896539688e+09
2.929178812883742332e+09 9.394727215532765388e+08 2.929475808177349567e+09
2.929178889380936623e+09 9.394729220562944412e+08 2.929476011510486603e+09
2.929179329630265713e+09 9.394735656587234735e+08 2.929476211154981136e+09
2.929179446432898998e+09 9.394738933866384029e+08 2.929476449376689434e+09
2.929179681384974003e+09 9.394743778783138990e+08 2.929476657750751019e+09
2.929179787870584011e+09 9.394746456679277420e+08 2.929476880572680473e+09
2.929179871313903809e+09 9.394748242681169510e+08 2.929477016379141808e+09
2.929179926132628441e+09 9.394749776281911135e+08 2.929477199288811684e+09
2.929179923425712109e+09 9.394749404530593157e+08 2.929477297461757183e+09
2.929179948995619774e+09 9.394749930765910149e+08 2.929477410530491352e+09
2.929179906517244339e+09 9.394748732332503796e+08 2.929477490001434326e+09
2.929179930538747311e+09 9.394749013302403688e+08 2.929477546104588985e+09
2.929179887148543835e+09 9.394747925053353310e+08 2.929477597079429150e+09
2.929179918327617168e+09 9.394747949767673016e+08 2.929477636542498589e+09
2.929179911223232269e+09 9.394747752894392014e+08 2.929477655500350475e+09
2.929179949999422550e+09 9.394747729788595438e+08 2.929477691057430267e+09
2.929179953038094997e+09 9.394747781280651093e+08 2.929477720633897781e+09
2.929179960544300556e+09 9.394748135803544521e+08 2.929477716720180511e+09
2.929179999442691326e+09 9.394748228300230503e+08 2.929477744221657276e+09
2.929180002475752354e+09 9.394748729693554640e+08 2.929477777194800377e+09
2.929180011081050396e+09 9.394748634373810291e+08 2.929477786247801781e+09
2.929180006921124458e+09 9.394748546921627522e+08 2.929477778343145847e+09
3.113485368890048981e+09 1.304208102209945202e+09 3.076130003728703976e+09
3.068916934405835152e+09 1.280882535288964510e+09 3.057739218913037300e+09
3.088695179169776440e+09 1.372435705431507587e+09 3.043043758900726318e+09
3.064143683292051792e+09 1.304870036454182148e+09 3.021167795545348167e+09
3.060555309251991272e+09 1.301651832628207445e+09 3.023477565556956291e+09
3.045002645415391922e+09 1.257124087988472223e+09 2.989536166095486164e+09
3.039721065184508801e+09 1.225725078604114056e+09 2.980466665663913250e+09
3.009714922452018261e+09 1.209730834567341805e+09 2.971713910472661018e+09
2.990883976181529045e+09 1.173607917917861462e+09 2.981475011895951748e+09
2.991893649746016979e+09 1.143951967867618084e+09 2.964338189515095234e+09
2.975373532388213158e+09 1.102457708758019686e+09 2.947083856967244625e+09
2.969878663824350357e+09 1.072617298152943254e+09 2.935876587490889072e+09
2.963233265201285839e+09 1.051814819277539492e+09 2.916997554007251740e+09
2.963310552382348061e+09 1.040121422199596405e+09 2.912202035424360752e+09
2.963015243508571148e+09 1.041176790860422850e+09 2.904858229384753227e+09
2.963378134104537487e+09 1.048449748091975570e+09 2.908968396474974632e+09
2.960157205885586262e+09 1.057286200773780346e+09 2.915002487323108196e+09
2.961089794878006458e+09 1.056355353888548613e+09 2.919338715862054348e+09
2.965953150120414734e+09 1.057097208483387470e+09 2.928334216005904675e+09
2.968066680615390301e+09 1.060721480037791014e+09 2.934592461319129944e+09
2.969861232914885044e+09 1.064259329346289158e+09 2.938605797464524269e+09
2.969042544185647488e+09 1.066809809545581460e+09 2.939145815015913486e+09
2.969182644003360271e+09 1.067978879690352440e+09 2.939357338826342583e+09
2.968440387194873810e+09 1.069104558089634180e+09 2.937968625019445419e+09
2.968485652481862068e+09 1.068234097947019458e+09 2.937199170039413929e+09
2.968759942101153374e+09 1.068187937162578106e+09 2.935487619308732033e+09
2.968530770602034092e+09 1.068148014056664467e+09 2.934610990382113934e+09
2.969125240972259998e+09 1.068284373519319892e+09 2.934319901874099731e+09
2.969503639896423817e+09 1.069194737882305503e+09 2.934106004661078453e+09
2.970203927996201515e+09 1.070284817807374477e+09 2.934290208166224957e+09
2.970627655545461178e+09 1.071615996788668036e+09 2.934303867717912197e+09
2.971141858494410515e+09 1.072479278528784633e+09 2.934593702232964039e+09
2.971387156692460060e+09 1.073351401788853168e+09 2.934674302412077427e+09
2.971581769581463814e+09 1.073843380777904510e+09 2.934871599122241974e+09
2.971782890531481743e+09 1.074417716165414810e+09 2.934969300126994133e+09
2.971772920120770931e+09 1.074805781588099241e+09 2.935040851153305054e+09
2.971804719914795399e+09 1.075098542040060759e+09 2.934946067511167049e+09
2.971843878106375694e+09 1.075436478941473484e+09 2.934842121861511230e+09
2.971986020982485771e+09 1.075685449991832256e+09 2.934778938281991959e+09
2.972090082287761688e+09 1.075889300990085363e+09 2.934670522526435852e+09
2.972247347682979107e+09 1.075993025287345409e+09 2.934599016793818951e+09
2.972343630877003193e+09 1.076116160011154890e+09 2.934514032317054749e+09
2.972403755270762920e+09 1.076170772201035023e+09 2.934453791484577179e+09
2.972459712456673622e+09 1.076184544728487253e+09 2.934398831661299229e+09
2.972478323351785660e+09 1.076182182129179955e+09 2.934361704807799339e+09
2.972495594704032898e+09 1.076179199253999472e+09 2.934331092471516132e+09
2.972498948812736988e+09 1.076151144296170235e+09 2.934310767437237263e+09
2.972504704079519272e+09 1.076107402674823761e+09 2.934299392404296398e+09
2.972490828007339478e+09 1.076070566171459675e+09 2.934285920228328705e+09
2.972480716518694878e+09 1.076027583397176504e+09 2.934282252134649277e+09
2.972466541928254604e+09 1.075991817439092636e+09 2.934280241189703941e+09
2.972449433037822723e+09 1.075956393888124228e+09 2.934280846355024815e+09
2.972435592338221073e+09 1.075928498898904800e+09 2.934283013980151176e+09
2.972420313204967499e+09 1.075905231983931780e+09 2.934286867237771511e+09
2.972409469930027962e+09 1.075885748513728142e+09 2.934290849482320309e+09
2.972397364685459137e+09 1.075869063856675625e+09 2.934295022929637909e+09
2.972389248276540756e+09 1.075857080879260778e+09 2.934300416416395664e+09
2.972380997814943314e+09 1.075849823206733704e+09 2.934304848600209713e+09
2.972375302164946556e+09 1.075843570906933784e+09 2.934309501962400913e+09
2.972370980282583714e+09 1.075840134081936836e+09 2.934313274492558956e+09
2.972367192363634586e+09 1.075838495037374496e+09 2.934316364302907467e+09
2.972365227291328907e+09 1.075838070325733662e+09 2.934318980820684433e+09
2.972363470082205772e+09 1.075838050932103634e+09 2.934320861636929512e+09
2.972362944250128746e+09 1.075838869681873083e+09 2.934322389568273067e+09
2.972362281193383217e+09 1.075840208955882788e+09 2.934323295308223248e+09
2.972362552042487621e+09 1.075841504222595215e+09 2.934324019561052322e+09
2.972362713882415771e+09 1.075842856606836319e+09 2.934324207180407047e+09
2.972363093021312714e+09 1.075844100829854488e+09 2.934324322037339687e+09
2.972363634871043205e+09 1.075845289859025717e+09 2.934324225052901745e+09
2.972364016732579231e+09 1.075846232118250132e+09 2.934324039919025421e+09
2.972364609027081490e+09 1.075847023717450619e+09 2.934323856549770355e+09
2.972364901075346470e+09 1.075847572399646044e+09 2.934323567824519634e+09
2.972365353615285873e+09 1.075848106635423660e+09 2.934323387237102985e+09
2.972365561519365788e+09 1.075848365138063669e+09 2.934323113415600300e+09
2.972365834587585449e+09 1.075848558358564377e+09 2.934322927675774097e+09
2.972365948082197189e+09 1.075848655567274094e+09 2.934322736274757862e+09
2.972366083641375065e+09 1.075848697091557741e+09 2.934322636704802036e+09
2.972366192452164173e+09 1.075848684187451839e+09 2.934322527203703403e+09
2.972366191154213428e+09 1.075848618412878036e+09 2.934322457635247707e+09
2.972366213183948517e+09 1.075848515279500961e+09 2.934322389231315136e+09
2.972366165507567883e+09 1.075848454130297899e+09 2.934322357091364384e+09
2.972366206672747135e+09 1.075848340405306339e+09 2.934322373321906567e+09
2.972366141685040474e+09 1.075848289745998859e+09 2.934322340420876026e+09
2.972366126708865166e+09 1.075848183905305624e+09 2.934322363594248772e+09
2.972366096739779472e+09 1.075848116188505888e+09 2.934322373270091057e+09
2.972366059793330669e+09 1.075848060138908386e+09 2.934322385873436928e+09
2.972366003414023399e+09 1.075847992907084465e+09 2.934322359881764412e+09
2.972366007906266212e+09 1.075848029579363823e+09 2.934322394909508228e+09
2.972365955607806683e+09 1.075847946267522097e+09 2.934322388154749393e+09
2.972365963199729919e+09 1.075847982218585491e+09 2.934322436453363895e+09
2.972365945121925354e+09 1.075847907710888863e+09 2.934322454203612804e+09
2.972365926233136177e+09 1.075847939409168482e+09 2.934322427675325394e+09
2.972365926454022884e+09 1.075847925767964840e+09 2.934322434256101608e+09
2.972365928392214298e+09 1.075847919946927547e+09 2.934322437546519279e+09
2.972365926012889862e+09 1.075847922517392635e+09 2.934322463510827065e+09
2.972365912829854488e+09 1.075847960104141951e+09 2.934322452562919617e+09
2.972365929008904934e+09 1.075847969400965452e+09 2.934322450866101265e+09
2.972365929615303993e+09 1.075847929609363794e+09 2.934322449648876190e+09
2.972365922484279633e+09 1.075847935628210783e+09 2.934322453913143635e+09
2.972365949133932114e+09 1.075847965135870218e+09 2.934322477093999386e+09
2.791547155442548275e+09 7.424497615708193779e+08 2.862895663393254280e+09
2.797977194866241932e+09 7.940908298311502934e+08 2.854453220844801903e+09
2.717307999480357170e+09 9.083763699090222120e+08 2.805642290261904240e+09
2.748125599201485634e+09 9.356570892923438549e+08 2.790089712321021080e+09
2.746740733854439259e+09 9.845974584695595503e+08 2.798922628885251999e+09
2.793783679888844013e+09 1.049259165798178554e+09 2.795076046041006088e+09
2.800597665211871147e+09 1.095675610384879827e+09 2.829384063295585632e+09
2.830315910521678448e+09 1.102163735468571663e+09 2.811961541991846561e+09
2.814997576706754684e+09 1.096443583833203316e+09 2.840459316857986450e+09
2.840436761364468575e+09 1.099749994940934658e+09 2.838560639183080673e+09
2.841103152805912971e+09 1.119997753213306427e+09 2.864501037017296791e+09
2.848152308618869781e+09 1.150325131663347960e+09 2.859307965388094425e+09
2.837434765323142052e+09 1.156552671281037569e+09 2.854427596225985527e+09
2.843006640330349922e+09 1.169075355066554308e+09 2.851286755133665562e+09
2.840935490329526424e+09 1.172664594215615034e+09 2.847560065887837887e+09
2.849098109525580406e+09 1.179923819167585850e+09 2.850824279864352703e+09
2.846021592453325272e+09 1.173430745608107805e+09 2.847372059946125031e+09
2.849784452408670902e+09 1.173160009977476597e+09 2.847431713338901997e+09
2.845285347287755966e+09 1.169800293916896343e+09 2.847514007914812088e+09
2.848241212349296570e+09 1.168333230233091354e+09 2.844719642759427071e+09
2.846027306446201801e+09 1.166394673188679457e+09 2.845563583306328773e+09
2.845964093902391434e+09 1.163436125716855526e+09 2.844326978808014393e+09
2.842419888305255413e+09 1.159121389413214922e+09 2.843263493574158192e+09
2.842485509732743740e+09 1.158056465950919867e+09 2.843486128902108669e+09
2.839473552515568733e+09 1.153822724116990328e+09 2.841644087527494431e+09
2.840144641282442570e+09 1.153750073595390320e+09 2.841907789988623619e+09
2.837971927554742813e+09 1.150546841979371548e+09 2.840803557932981491e+09
2.838301206454902172e+09 1.150882710197525740e+09 2.840579331073447704e+09
2.837430029150268078e+09 1.150193349854160309e+09 2.840709210258853912e+09
2.837525866263020992e+09 1.149868676165595055e+09 2.839996295321408749e+09
2.837564426597290039e+09 1.150113289920487881e+09 2.840346203356274605e+09
2.837511872969853401e+09 1.149671439394353151e+09 2.839641486476231098e+09
2.837642781269090652e+09 1.150043786258715630e+09 2.839919673798063755e+09
2.837531826547171116e+09 1.149646880275370121e+09 2.839546949741603374e+09
2.837589335575243473e+09 1.149804647705366850e+09 2.839499508745790958e+09
2.837731366313687801e+09 1.149867717124400616e+09 2.839469696274278164e+09
2.837663964106234074e+09 1.149930465456004858e+09 2.839271315341234207e+09
2.837883093246656895e+09 1.150186845942379475e+09 2.839430696137475491e+09
2.837808477631515503e+09 1.150190202350790739e+09 2.839352406569299698e+09
2.837967633892175198e+09 1.150381893416046619e+09 2.839456733428526402e+09
2.837973365488298416e+09 1.150411831567358971e+09 2.839475101928507805e+09
2.838024995759340763e+09 1.150430569514004469e+09 2.839482436463788986e+09
2.838069408347033024e+09 1.150485666383949518e+09 2.839536286777204990e+09
2.838055298732372761e+09 1.150435394937276602e+09 2.839523563243726254e+09
2.838105491842988968e+09 1.150483083015558004e+09 2.839569632305103779e+09
2.838097088362368584e+09 1.150455857220458031e+09 2.839572205073381424e+09
2.838107330174179077e+09 1.150456819343871117e+09 2.839590903381007195e+09
2.838109855498487473e+09 1.150449495201007366e+09 2.839606924697578907e+09
2.838088052900761127e+09 1.150414252457761526e+09 2.839601210290308475e+09
2.838095959627149582e+09 1.150410940287987232e+09 2.839617578699455738e+09
2.838074239625091553e+09 1.150369413048600674e+09 2.839607126072097778e+09
2.838073824124825478e+09 1.150358469186727524e+09 2.839607433299176216e+09
2.838062415096663952e+09 1.150334981650666952e+09 2.839606176601497650e+09
2.838052763458541870e+09 1.150317793684958935e+09 2.839596863599693775e+09
2.838050199983790398e+09 1.150311010414487839e+09 2.839598793020872116e+09
2.838039481998337269e+09 1.150293209180027246e+09 2.839589129310142040e+09
2.838039085640154839e+09 1.150291756731143236e+09 2.839587625079658508e+09
2.838032495902186871e+09 1.150281546462306738e+09 2.839582027717279911e+09
2.838030275150007725e+09 1.150278480064342737e+09 2.839578080191379547e+09
2.838029199298327446e+09 1.150275939323715687e+09 2.839576032424444199e+09
2.838026298536999226e+09 1.150272614051525593e+09 2.839571320515264034e+09
2.838027772581931591e+09 1.150274311344842672e+09 2.839571100888821125e+09
2.838026110993749142e+09 1.150272843849107742e+09 2.839567916822766304e+09
2.838027310850749969e+09 1.150275033746230125e+09 2.839567621337316036e+09
2.838027553140406609e+09 1.150275688430237532e+09 2.839566859429170132e+09
2.838028018124154568e+09 1.150276957746481895e+09 2.839565993405596256e+09
2.838029274620063782e+09 1.150278805927769184e+09 2.839566491744917870e+09
2.838029417986107826e+09 1.150279286333045006e+09 2.839565905416222572e+09
2.838030568536451340e+09 1.150280952806904316e+09 2.839566453262549877e+09
2.838030889129998207e+09 1.150281455336928844e+09 2.839566509361593723e+09
2.838031505351481915e+09 1.150282322169380665e+09 2.839566813463130951e+09
2.838032037745442390e+09 1.150283011146109581e+09 2.839567222191535473e+09
2.838032186239158154e+09 1.150283197984957933e+09 2.839567378852847576e+09
2.838032648242680073e+09 1.150283703299817324e+09 2.839567794638429165e+09
2.838032647368473053e+09 1.150283638470031500e+09 2.839567940902176857e+09
2.838032840794142246e+09 1.150283790541064978e+09 2.839568211638600826e+09
2.838032860292850494e+09 1.150283673030606270e+09 2.839568346472512722e+09
2.838032820783200264e+09 1.150283539623947620e+09 2.839568435521674633e+09
2.838032844130563736e+09 1.150283443736256123e+09 2.839568561283329964e+09
2.838032739313130856e+09 1.150283214753364801e+09 2.839568558549371719e+09
2.838032728467510700e+09 1.150283127660284519e+09 2.839568632349241257e+09
2.838032610940382004e+09 1.150282896966769695e+09 2.839568611354635239e+09
2.838032543350024700e+09 1.150282751603556871e+09 2.839568573063737869e+09
2.838032480272991180e+09 1.150282668536690950e+09 2.839568563032554626e+09
2.838032390904401779e+09 1.150282492166726112e+09 2.839568519476504803e+09
2.838032372198791981e+09 1.150282436159419298e+09 2.839568492441413879e+09
2.838032318917102337e+09 1.150282347740044832e+09 2.839568453109524250e+09
2.838032274415771484e+09 1.150282279815683126e+09 2.839568406116885662e+09
2.838032266436444283e+09 1.150282274707447290e+09 2.839568382361852646e+09
2.838032234086108685e+09 1.150282195962584496e+09 2.839568337744565964e+09
2.838032255549950600e+09 1.150282263044796944e+09 2.839568353039650917e+09
2.838032213904775620e+09 1.150282212978867054e+09 2.839568305257867813e+09
2.838032240085948467e+09 1.150282270449208498e+09 2.839568299030391693e+09
2.838032192982364178e+09 1.150282183968154669e+09 2.839568252443068981e+09
2.838032255760122299e+09 1.150282264483537197e+09 2.839568274249818325e+09
2.838032247365037918e+09 1.150282290378023148e+09 2.839568292999229431e+09
2.838032242383468628e+09 1.150282252299145222e+09 2.839568265977398396e+09
2.838032259309716702e+09 1.150282293383183479e+09 2.839568282548064709e+09
2.838032242410443306e+09 1.150282278040927172e+09 2.839568265650691986e+09
2.838032270418662071e+09 1.150282332442790747e+09 2.839568297214315891e+09
2.838032267232092857e+09 1.150282292786000967e+09 2.839568265102355003e+09
2.838032273601115704e+09 1.150282304183579922e+09 2.839568274898862362e+09
