4.602539519038306253e+02 4.641560991840711949e+02 4.909155587085791694e+02
4.759199591953083655e+02 4.671947602290785539e+02 4.717959028296293127e+02
4.768109427473240203e+02 4.698432354521760885e+02 4.716894953811495270e+02
4.776001300868909425e+02 4.706525921713456455e+02 4.725945969391536892e+02
4.783993542482423322e+02 4.714144176796857550e+02 4.733965790460950984e+02
4.791594251779590081e+02 4.721452362825274918e+02 4.741529941813844289e+02
4.798805484779061317e+02 4.728395816712565534e+02 4.748694533648334755e+02
4.805636613599728548e+02 4.734979418453945073e+02 4.755469470564339076e+02
4.812095212893119651e+02 4.741209371360836258e+02 4.761864941980571189e+02
4.818189141466498882e+02 4.747092259820218487e+02 4.767890893834562007e+02
4.823926810884402130e+02 4.752635374377120456e+02 4.773557345511404719e+02
4.829305141633078620e+02 4.757831117340998617e+02 4.778846320147263782e+02
4.834332898574683668e+02 4.762682867862014859e+02 4.783795982399797140e+02
4.839030118510128204e+02 4.767231774594869194e+02 4.788421150526827432e+02
4.843413226464811032e+02 4.771478974572955849e+02 4.792733282991636656e+02
4.847494162065315209e+02 4.775435796107486226e+02 4.796744220594705439e+02
4.851284790878307263e+02 4.779113380039226513e+02 4.800466522865634715e+02
4.854787349256480411e+02 4.782500995461741127e+02 4.803899624666258887e+02
4.858020838720879624e+02 4.785643040115966755e+02 4.807069413212854556e+02
4.861001723004590644e+02 4.788541115565002997e+02 4.809989972051336622e+02
4.863742920530262381e+02 4.791207588755352162e+02 4.812673613816264151e+02
4.866256927881181582e+02 4.793654378689305986e+02 4.815133046937723407e+02
4.868556139123543858e+02 4.795893300811868585e+02 4.817380782754913753e+02
4.870652802770654262e+02 4.797936063470963859e+02 4.819429119810051816e+02
4.872558978121771247e+02 4.799794222023772932e+02 4.821290122754464278e+02
4.874286490636104077e+02 4.801479123540944443e+02 4.822975584925042085e+02
4.875846887975166624e+02 4.803001865512373456e+02 4.824496993224937569e+02
4.877251401234995001e+02 4.804373257183348755e+02 4.825865496481511059e+02
4.878510911076836578e+02 4.805603782632232992e+02 4.827091874916330312e+02
4.879635917663494524e+02 4.806703570656196689e+02 4.828186514553530628e+02
4.880636516123200863e+02 4.807682369551739612e+02 4.829159386181714240e+02
4.881522376885754397e+02 4.808549525520066936e+02 4.830020028109577765e+02
4.882302730394348487e+02 4.809313967278312134e+02 4.830777533800121546e+02
4.882986357050774018e+02 4.809984196783421453e+02 4.831440544843665634e+02
4.883581580869417849e+02 4.810568277832203989e+02 4.832017244733216330e+02
4.884096266312069474e+02 4.811073834684372628e+02 4.832515358214208732e+02
4.884537819305263042e+02 4.811508051496298890e+02 4.832942153664071725e+02
4.884913191452035335e+02 4.811877675800843122e+02 4.833304448360061087e+02
4.885228887199255610e+02 4.812189024952360796e+02 4.833608616572068968e+02
4.885490973061042155e+02 4.812447992888482986e+02 4.833860598872496439e+02
4.885705089808939192e+02 4.812660065965864078e+02 4.834065916839693955e+02
4.885876466481814191e+02 4.812830330460217851e+02 4.834229685171718529e+02
4.886009934644791315e+02 4.812963488439966113e+02 4.834356626984132959e+02
4.886109944569523691e+02 4.813063873111236148e+02 4.834451090330013585e+02
4.886180582383933029e+02 4.813135465050692119e+02 4.834517065371679223e+02
4.886225587837442959e+02 4.813181909145297936e+02 4.834558202114270671e+02
4.886248372471137031e+02 4.813206531983041714e+02 4.834577828494043956e+02
4.886252037993396016e+02 4.813212359485706884e+02 4.834578968624479103e+02
4.886239394759867309e+02 4.813202134700607644e+02 4.834564361066986748e+02
4.886212980042764116e+02 4.813178335750777137e+02 4.834536477201494904e+02
4.886175075892382438e+02 4.813143191760418063e+02 4.834497538160131285e+02
4.886127726643707092e+02 4.813098701208875809e+02 4.834449532680575317e+02
4.886072780027647582e+02 4.813046720349258862e+02 4.834394291304497528e+02
4.886011855873679792e+02 4.812988734710524454e+02 4.834333322156772397e+02
4.885946363949752254e+02 4.812926177414846052e+02 4.834268022893994043e+02
4.885877561724318525e+02 4.812860279501765604e+02 4.834199616534974666e+02
4.885806549835631927e+02 4.812792120420874085e+02 4.834129169624100655e+02
4.885734284593177676e+02 4.812722639038358921e+02 4.834057608128539414e+02
4.885661590973093098e+02 4.812652646070870901e+02 4.833985730042985551e+02
4.885589174842092461e+02 4.812582835971206237e+02 4.833914217310136792e+02
4.885517634432695786e+02 4.812513798091978288e+02 4.833843647044238878e+02
4.885447471074613759e+02 4.812446027112731599e+02 4.833774502024034518e+02
4.885379099190863599e+02 4.812379932766283446e+02 4.833707180469359628e+02
4.885312855581294116e+02 4.812315848873642494e+02 4.833642005117084750e+02
4.885249233710188719e+02 4.812254128117468213e+02 4.833579238720384410e+02
4.885188093502183619e+02 4.812194905271172729e+02 4.833519159901007356e+02
4.885129682766644237e+02 4.812138282303173469e+02 4.833461807992591162e+02
4.885074108066651775e+02 4.812084378461277083e+02 4.833407270873765924e+02
4.885021433549438257e+02 4.812033261020165469e+02 4.833355606981074857e+02
4.884971688697493732e+02 4.811984962867572904e+02 4.833306840940117581e+02
4.884924873082933914e+02 4.811939487597138623e+02 4.833260968582491159e+02
4.884880960787652953e+02 4.811896813397156052e+02 4.833217961028496461e+02
4.884839904314826526e+02 4.811856897102616131e+02 4.833177768566326336e+02
4.884801638217758750e+02 4.811819677912034194e+02 4.833140324275660760e+02
4.884766082364990325e+02 4.811785080393320868e+02 4.833105547112650697e+02
4.884733144795575299e+02 4.811753017337759388e+02 4.833073344703434486e+02
4.884702724298976477e+02 4.811723392382797329e+02 4.833043615900502346e+02
4.884674712696514121e+02 4.811696102133296336e+02 4.833016252946765690e+02
4.884648996816472959e+02 4.811671038138899803e+02 4.832991143403603473e+02
4.884625460228610905e+02 4.811648088596213597e+02 4.832968171834733653e+02
4.884603984749367669e+02 4.811627139827120914e+02 4.832947221263637516e+02
4.884584451738211328e+02 4.811608077554215015e+02 4.832928174427694330e+02
4.884566743204580916e+02 4.811590787990477338e+02 4.832910914847580557e+02
4.884550742744568197e+02 4.811575158763500895e+02 4.832895327731089878e+02
4.884536336323895398e+02 4.811561079688289055e+02 4.832881300726876930e+02
4.884523412923525711e+02 4.811548443406788351e+02 4.832868724545010650e+02
4.884511865062935954e+02 4.811537145906913793e+02 4.832857493458098475e+02
4.884501589214079331e+02 4.811527086934888757e+02 4.832847505696526582e+02
4.884492486119429486e+02 4.811518170313476617e+02 4.832838663750209776e+02
4.884484461025042492e+02 4.811510304177153898e+02 4.832830874588234451e+02
4.884477423839613266e+02 4.811503401134074807e+02 4.832824049806293942e+02
4.884471289229052786e+02 4.811497378365642703e+02 4.832818105712113379e+02
4.884465976655199029e+02 4.811492157669875382e+02 4.832812963356296905e+02
4.884461410366920404e+02 4.811487665459498544e+02 4.832808548517735971e+02
4.884457519350694383e+02 4.811483832718663507e+02 4.832804791649327285e+02
4.884454237247032324e+02 4.811480594926887306e+02 4.832801627791189958e+02
4.884451502238555918e+02 4.811477891954515940e+02 4.832798996456424447e+02
4.884449256915247020e+02 4.811475667935786191e+02 4.832796841494997011e+02
4.884447448120800459e+02 4.811473871122794321e+02 4.832795110939572396e+02
4.884446026785046229e+02 4.811472453726179879e+02 4.832793756838157151e+02
4.884444947745270156e+02 4.811471371743750751e+02 4.832792735076104691e+02
4.888714816287017584e+02 4.812658946219276572e+02 4.833677634861743400e+02
4.891350759149071337e+02 4.815384629165696992e+02 4.836027463469445706e+02
4.893924140281804398e+02 4.817885159346003547e+02 4.838558963306621195e+02
4.896460712185275383e+02 4.820335432972532885e+02 4.841050653611521852e+02
4.898930829399557751e+02 4.822719089359963505e+02 4.843471842643643868e+02
4.901320799065136953e+02 4.825031246136045411e+02 4.845819656408949641e+02
4.903623168396997585e+02 4.827259872104357328e+02 4.848080065651673749e+02
4.905829868512239500e+02 4.829397389925919128e+02 4.850244792111005268e+02
4.907934863833918939e+02 4.831437820864243236e+02 4.852308133444668101e+02
4.909933901112858621e+02 4.833376836053486159e+02 4.854266122940003356e+02
4.911824243671080694e+02 4.835211608395381404e+02 4.856116305438413292e+02
4.913604486016952251e+02 4.836940590181661719e+02 4.857857493553441941e+02
4.915274355870064937e+02 4.838563353983940374e+02 4.859489635326769417e+02
4.916834581624771658e+02 4.840080447872755371e+02 4.861013620548686163e+02
4.918286746203876874e+02 4.841493284661497682e+02 4.862431163614259049e+02
4.919633160398627183e+02 4.842803975776117227e+02 4.863744673660684157e+02
4.920876867124920864e+02 4.844015342330911267e+02 4.864957222272350350e+02
4.922019938388457945e+02 4.845127100254504739e+02 4.866069994107810999e+02
4.923066676250541605e+02 4.846148107193757824e+02 4.867089348546489873e+02
4.924022131260288688e+02 4.847080563057950258e+02 4.868019384613839975e+02
4.924890758845983783e+02 4.847928769008364043e+02 4.868864382652526501e+02
4.925677108858578777e+02 4.848697090271758157e+02 4.869628871279095961e+02
4.926385827647960127e+02 4.849389926202251218e+02 4.870317413198419558e+02
4.927021581955464740e+02 4.850011888538040239e+02 4.870934700080693460e+02
4.927589089142409193e+02 4.850567460964229554e+02 4.871485349201357735e+02
4.928092998736380537e+02 4.851061132037219750e+02 4.871973934548389593e+02
4.928537879166266862e+02 4.851497315909718964e+02 4.872404948494117320e+02
4.928928188780730011e+02 4.851880324752715978e+02 4.872782769871586197e+02
4.929268250546766694e+02 4.852214343710678577e+02 4.873111640045194690e+02
4.929562231274514374e+02 4.852503410273371856e+02 4.873395643397766435e+02
4.929814125276642471e+02 4.852751397912074367e+02 4.873638691948901283e+02
4.930027741783724196e+02 4.852962003312894694e+02 4.873844513584599554e+02
4.930206695822349161e+02 4.853138737107723841e+02 4.874016643626173959e+02
4.930354402182457534e+02 4.853284917625484240e+02 4.874158419367721535e+02
4.930474072109799977e+02 4.853403667328037727e+02 4.874272977229540516e+02
4.930568712383827119e+02 4.853497911593201479e+02 4.874363252197023257e+02
4.930641126461095496e+02 4.853570379541639568e+02 4.874431979239507768e+02
4.930693917387770284e+02 4.853623606609918397e+02 4.874481696420505727e+02
4.930729492205511519e+02 4.853659938606614332e+02 4.874514749435707017e+02
4.930750067599622071e+02 4.853681537000561548e+02 4.874533297334316444e+02
4.930757676557728360e+02 4.853690385216088998e+02 4.874539319200553678e+02
4.930754175829964083e+02 4.853688295730286768e+02 4.874534621595790895e+02
4.930741254004315124e+02 4.853676917788180845e+02 4.874520846578266742e+02
4.930720440028548524e+02 4.853657745573005968e+02 4.874499480141880099e+02
4.930693112029965732e+02 4.853632126677044880e+02 4.874471860926130944e+02
4.930660506304078581e+02 4.853601270760161697e+02 4.874439189078964887e+02
4.930623726357665646e+02 4.853566258267434250e+02 4.874402535156630734e+02
4.930583751909913417e+02 4.853528049122125481e+02 4.874362848971665585e+02
4.930541447769007846e+02 4.853487491309615507e+02 4.874320968309542081e+02
4.930497572513751834e+02 4.853445329275641029e+02 4.874277627443024130e+02
4.930452786924712427e+02 4.853402212097157644e+02 4.874233465396698080e+02
4.930407662117511336e+02 4.853358701365280581e+02 4.874189033911258662e+02
4.930362687342982326e+02 4.853315278754290034e+02 4.874144805077765454e+02
4.930318277425069482e+02 4.853272353241237624e+02 4.874101178611397245e+02
4.930274779819804962e+02 4.853230267966359861e+02 4.874058488751801406e+02
4.930232481278722503e+02 4.853189306707690207e+02 4.874017010772068943e+02
4.930191614113016385e+02 4.853149699975727458e+02 4.873976967095092618e+02
4.930152362053801767e+02 4.853111630715050637e+02 4.873938533011771597e+02
4.930114865712679375e+02 4.853075239622185677e+02 4.873901842008171457e+02
4.930079227651429505e+02 4.853040630083835367e+02 4.873866990705201374e+02
4.930045517057682218e+02 4.853007872735737465e+02 4.873834043420231978e+02
4.930013774051428754e+02 4.852977009662728847e+02 4.873803036360479837e+02
4.929984013638785996e+02 4.852948058253602426e+02 4.873773981466599707e+02
4.929956229313079916e+02 4.852921014717875892e+02 4.873746869919423261e+02
4.929930396329250470e+02 4.852895857284336216e+02 4.873721675324744069e+02
4.929906474667323550e+02 4.852872549097243677e+02 4.873698356593408789e+02
4.929884411701307272e+02 4.852851040825760265e+02 4.873676860534031334e+02
4.929864144594901063e+02 4.852831273007393520e+02 4.873657124177164519e+02
4.929845602434774037e+02 4.852813178138707713e+02 4.873639076848035643e+02
4.929828708122021794e+02 4.852796682528810948e+02 4.873622642002332555e+02
4.929813380048839804e+02 4.852781707939778926e+02 4.873607738844993378e+02
4.929799533562876377e+02 4.852768173027400849e+02 4.873594283751351668e+02
4.929787082244862972e+02 4.852755994593249511e+02 4.873582191501199077e+02
4.929775939011611285e+02 4.852745088671230178e+02 4.873571376345640829e+02
4.929766017061132857e+02 4.852735371456471967e+02 4.873561752917880767e+02
4.929757230674373432e+02 4.852726760097997385e+02 4.873553237008615611e+02
4.929749495887059538e+02 4.852719173360030140e+02 4.873545746209401273e+02
4.929742731041691854e+02 4.852712532167274162e+02 4.873539200442241963e+02
4.929736857237264758e+02 4.852706760054942379e+02 4.873533522393852877e+02
4.929731798684767341e+02 4.852701783519143532e+02 4.873528637851382541e+02
4.929727482978900071e+02 4.852697532290650884e+02 4.873524475962097426e+02
4.929723841296117257e+02 4.852693939534115657e+02 4.873520969419793119e+02
4.929720808529457372e+02 4.852690941984558890e+02 4.873518054589276289e+02
4.929718323365959805e+02 4.852688480030324740e+02 4.873515671577125090e+02
4.929716328316150111e+02 4.852686497746122427e+02 4.873513764255325214e+02
4.929714769702695207e+02 4.852684942886892827e+02 4.873512280244519275e+02
4.929713597612156377e+02 4.852683766845368609e+02 4.873511170863427537e+02
4.929712765819378433e+02 4.852682924582982764e+02 4.873510391050536441e+02
4.929712231685238635e+02 4.852682374533827669e+02 4.873509899261791247e+02
4.929711956037276650e+02 4.852682078490717004e+02 4.873509657348896553e+02
4.929711903031773659e+02 4.852682001475715197e+02 4.873509630424293846e+02
4.929712040006602365e+02 4.852682111598336974e+02 4.873509786713179892e+02
4.929712337323293241e+02 4.852682379903995411e+02 4.873510097397981440e+02
4.929712768204252598e+02 4.852682780218558491e+02 4.873510536457558828e+02
4.929713308565844727e+02 4.852683288985946888e+02 4.873511080501540960e+02
4.929713936852012921e+02 4.852683885111659947e+02 4.873511708609778452e+02
4.929714633864982716e+02 4.852684549792173812e+02 4.873512402159714725e+02
4.929715382600692806e+02 4.852685266363945402e+02 4.873513144671059081e+02
4.929716168087435904e+02 4.852686020142031111e+02 4.873513921643928484e+02
4.929716977227627694e+02 4.852686798268736652e+02 4.873514720404530181e+02
4.929717798645866651e+02 4.852687589565431381e+02 4.873515529955880083e+02
4.929718622542812909e+02 4.852688384393235879e+02 4.873516340836000040e+02
4.929719440555263077e+02 4.852689174513029684e+02 4.873517144978702618e+02
4.929720245623125834e+02 4.852689952960797086e+02 4.873517935585921350e+02
4.929721031864144152e+02 4.852690713922592636e+02 4.873518707003589157e+02
4.929721794454541737e+02 4.852691452619768597e+02 4.873519454605344663e+02
4.929722529519898444e+02 4.852692165204518346e+02 4.873520174688258635e+02
4.929723234029870582e+02 4.852692848653084070e+02 4.873520864365311240e+02
4.929723905701637250e+02 4.852693500675394489e+02 4.873521521475279883e+02
4.929724542910838636e+02 4.852694119627176406e+02 4.873522144494427835e+02
4.924964938119580893e+02 4.843155833207712817e+02 4.866911723019563851e+02
4.918314538742245077e+02 4.836794075981489982e+02 4.860208129201488987e+02
4.911533089946998984e+02 4.830237689931652199e+02 4.853615927614967518e+02
4.904839731384690253e+02 4.823758936090457041e+02 4.847068613445769643e+02
4.898293602475753801e+02 4.817427369914400401e+02 4.840648499154570459e+02
4.891943725173869097e+02 4.811285378751118742e+02 4.834420667502769788e+02
4.885822976491240297e+02 4.805362511969745469e+02 4.828413626487657666e+02
4.879954619000050116e+02 4.799681929840410817e+02 4.822655730616253322e+02
4.874354013192364050e+02 4.794259386170641051e+02 4.817163295633871485e+02
4.869031285226464547e+02 4.789104809037372661e+02 4.811939271617268332e+02
4.863991148931352768e+02 4.784222438406993660e+02 4.806994823815001041e+02
4.859235918842769593e+02 4.779614862418728762e+02 4.802330522532244572e+02
4.854763590494130199e+02 4.775280868963367880e+02 4.797943700248550272e+02
4.850569531007463411e+02 4.771214694457719361e+02 4.793829508183760026e+02
4.846646615931184670e+02 4.767409432022197961e+02 4.789981641355394686e+02
4.842986382298682884e+02 4.763860680131689378e+02 4.786391491412969685e+02
4.839581929156083220e+02 4.760561224598833974e+02 4.783055707529313736e+02
4.836422313090245098e+02 4.757496630816381753e+02 4.779956763545338845e+02
4.833496388750300525e+02 4.754662267438840217e+02 4.777089746212384398e+02
4.830792730289864494e+02 4.752038826307475574e+02 4.774438196976204836e+02
4.828297854806046416e+02 4.749617738736735646e+02 4.771991359658533725e+02
4.825999995807324012e+02 4.747387522752025006e+02 4.769737943966929947e+02
4.823887599545882949e+02 4.745337004779053700e+02 4.767666581257180951e+02
4.821949315976779076e+02 4.743455214567408120e+02 4.765766122175780879e+02
4.820174076884147780e+02 4.741731448016000741e+02 4.764025700539116883e+02
4.818551155779088049e+02 4.740155338681701096e+02 4.762434793441669854e+02
4.817070215979442764e+02 4.738716861223416004e+02 4.760983243656013997e+02
4.815721332963383929e+02 4.737406420526476722e+02 4.759661313389356110e+02
4.814495029097295173e+02 4.736214841215792148e+02 4.758459699022407108e+02
4.813383333349721624e+02 4.735136750813304047e+02 4.757371682894863056e+02
4.812377446315474572e+02 4.734158622644778234e+02 4.756386392613428029e+02
4.811468339102790424e+02 4.733274448709065609e+02 4.755495957435514924e+02
4.810648314310572573e+02 4.732476725109174822e+02 4.754692979852899271e+02
4.809910203587536444e+02 4.731758500737975055e+02 4.753970403645956253e+02
4.809247320686370699e+02 4.731113305570470402e+02 4.753321644538239070e+02
4.808653351843415749e+02 4.730535011482895698e+02 4.752740515639090404e+02
4.808122433890379739e+02 4.730017940049683034e+02 4.752221246763569411e+02
4.807649102478306986e+02 4.729556795298131533e+02 4.751758468708796386e+02
4.807228276692340501e+02 4.729146651782151594e+02 4.751347189142346110e+02
4.806855240151215867e+02 4.728782937173936602e+02 4.750982774505110342e+02
4.806525622901462498e+02 4.728461414308044937e+02 4.750660931635164275e+02
4.806235382857810805e+02 4.728178163412596859e+02 4.750377689670485211e+02
4.805980787555055826e+02 4.727929564823872397e+02 4.750129382335063610e+02
4.805758396506553822e+02 4.727712282313634091e+02 4.749912630858805187e+02
4.805565043200544437e+02 4.727523242371788683e+02 4.749724324451078132e+02
4.805397817407183538e+02 4.727359621371947469e+02 4.749561605109221887e+02
4.805254049252772575e+02 4.727218828428377719e+02 4.749421851278893314e+02
4.805131293359518168e+02 4.727098490099850210e+02 4.749302662155378130e+02
4.805027313610050328e+02 4.726996435662065892e+02 4.749201842708825438e+02
4.804940068595766434e+02 4.726910683034418525e+02 4.749117389372439675e+02
4.804867697767517711e+02 4.726839425383699336e+02 4.749047476420723797e+02
4.804808508288388111e+02 4.726781018409209310e+02 4.748990443030641586e+02
4.804760962576821157e+02 4.726733968421231680e+02 4.748944781111657676e+02
4.804723666581921862e+02 4.726696921210526625e+02 4.748909123918111277e+02
4.804695358978382274e+02 4.726668650078942164e+02 4.748882234403545795e+02
4.804674900184303397e+02 4.726648047107357797e+02 4.748862995577284778e+02
4.804661262870184260e+02 4.726634113225323404e+02 4.748850400807130541e+02
4.804653522833474426e+02 4.726625949397699173e+02 4.748843544786733446e+02
4.804650850451809561e+02 4.726622748350789607e+02 4.748841615123527617e+02
4.804652502710007411e+02 4.726623786853118645e+02 4.748843884491327572e+02
4.804657815772017102e+02 4.726628418522566903e+02 4.748849703318483648e+02
4.804666198074056069e+02 4.726636067137357600e+02 4.748858492992244464e+02
4.804677123913346009e+02 4.726646220424594276e+02 4.748869739549023734e+02
4.804690127502923360e+02 4.726658424301632522e+02 4.748882987823859025e+02
4.804704797471034681e+02 4.726672277545192173e+02 4.748897836039590743e+02
4.804720771776547963e+02 4.726687426865386215e+02 4.748913930806371582e+02
4.804737733019202324e+02 4.726703562357810711e+02 4.748930962508020457e+02
4.804755404117701687e+02 4.726720413314167786e+02 4.748948661052800730e+02
4.804773544334721009e+02 4.726737744369868892e+02 4.748966791966694814e+02
4.804791945626399183e+02 4.726755351960372309e+02 4.748985152803869596e+02
4.804810429292400613e+02 4.726773061073342888e+02 4.749003569854377247e+02
4.804828842911618381e+02 4.726790722275659959e+02 4.749021895136326066e+02
4.804847057539242314e+02 4.726808208992885625e+02 4.749040003639707948e+02
4.804864965147613134e+02 4.726825415024298422e+02 4.749057790814277382e+02
4.804882476295553033e+02 4.726842252281972492e+02 4.749075170282138174e+02
4.804899518007383676e+02 4.726858648729109973e+02 4.749092071755156326e+02
4.804916031846834699e+02 4.726874546510587152e+02 4.749108439145507532e+02
4.804931972171119696e+02 4.726889900255241628e+02 4.749124228852400051e+02
4.804947304550625518e+02 4.726904675541308052e+02 4.749139408213156344e+02
4.804962004342214641e+02 4.726918847508108001e+02 4.749153954104257878e+02
4.804976055402269139e+02 4.726932399606371860e+02 4.749167851678785155e+02
4.804989448930394929e+02 4.726945322471370901e+02 4.749181093236632023e+02
4.805002182430981179e+02 4.726957612914598599e+02 4.749193677204822279e+02
4.805014258783177183e+02 4.726969273016935631e+02 4.749205607228044528e+02
4.805025685409964353e+02 4.726980309319238813e+02 4.749216891354920449e+02
4.805036473537978736e+02 4.726990732103725463e+02 4.749227541315611916e+02
4.805046637541438486e+02 4.727000554752785888e+02 4.749237571879252755e+02
4.805056194357757136e+02 4.727009793178992254e+02 4.749247000281752662e+02
4.805065162974805162e+02 4.727018465325352281e+02 4.749255845728064855e+02
4.805073563978240827e+02 4.727026590725117217e+02 4.749264128948007624e+02
4.805081419155786193e+02 4.727034190113201362e+02 4.749271871811467918e+02
4.805088751149847326e+02 4.727041285086639277e+02 4.749279096987241928e+02
4.805095583159187527e+02 4.727047897815949113e+02 4.749285827658119388e+02
4.805101938677835278e+02 4.727054050785334312e+02 4.749292087259867685e+02
4.805107841274110569e+02 4.727059766579722009e+02 4.749297899272582413e+02
4.805113314400142599e+02 4.727065067695785956e+02 4.749303287031767127e+02
4.805118381231985722e+02 4.727069976386296730e+02 4.749308273575166481e+02
4.805123064535449089e+02 4.727074514528472946e+02 4.749312881513185971e+02
4.805127386556341094e+02 4.727078703513252549e+02 4.749317132921748907e+02
4.805131368927981725e+02 4.727082564156913804e+02 4.749321049252998250e+02
4.808346406261956645e+02 4.734713590224441191e+02 4.753783097871390737e+02
4.813064687497035834e+02 4.739223458448856263e+02 4.758608473286112144e+02
4.817928413272662738e+02 4.743912102318631128e+02 4.763348787096332444e+02
4.822756582955520912e+02 4.748570136523492806e+02 4.768095907291777280e+02
4.827494614890003959e+02 4.753118932742438574e+02 4.772764149845624502e+02
4.832110569727109919e+02 4.757568877503892395e+02 4.777325693332533092e+02
4.836587666263009169e+02 4.761886083464167427e+02 4.781751608167178347e+02
4.840909673975933174e+02 4.766055975204358788e+02 4.786022158282901842e+02
4.845064440860488162e+02 4.770067052417390414e+02 4.790124446177746904e+02
4.849043252810511149e+02 4.773910795981230990e+02 4.794049674373036964e+02
4.852839972659815544e+02 4.777581066854917253e+02 4.797791997529864716e+02
4.856437803247019929e+02 4.781045188370754886e+02 4.801330981427645384e+02
4.859843445468750929e+02 4.784343099194665569e+02 4.804681750180603217e+02
4.863061651282130811e+02 4.787461303729603515e+02 4.807846306270199648e+02
4.866094061550094807e+02 4.790401222787151028e+02 4.810825655320642795e+02
4.868942977175231590e+02 4.793164853141748836e+02 4.813622534259382064e+02
4.871611675920100311e+02 4.795755114384120361e+02 4.816240558744951272e+02
4.874104286311626311e+02 4.798175781845752113e+02 4.818684120371108861e+02
4.876425658904353782e+02 4.800431351568843183e+02 4.820958279728470757e+02
4.878581254506618166e+02 4.802526932173052501e+02 4.823068658380265674e+02
4.880577039839741929e+02 4.804468150117027108e+02 4.825021345403025066e+02
4.882419382638718730e+02 4.806261031203549123e+02 4.826822794087710236e+02
4.884114959072149986e+02 4.807911919649765764e+02 4.828479734469520963e+02
4.885670669640928168e+02 4.809427393152571426e+02 4.829999093086721018e+02
4.887093562497229868e+02 4.810814187333494374e+02 4.831387919622084155e+02
4.888390764261557706e+02 4.812079127532898610e+02 4.832653320988991936e+02
4.889569418088484554e+02 4.813229067621882109e+02 4.833802402457771450e+02
4.890636628705381668e+02 4.814270835661344563e+02 4.834842215568101551e+02
4.891599413965182634e+02 4.815211185750339951e+02 4.835779712324653019e+02
4.892464662843805741e+02 4.816056756483424124e+02 4.836621705646255123e+02
4.893239099147784259e+02 4.816814034516165748e+02 4.837374835261767316e+02
4.893929251049408435e+02 4.817489324322966127e+02 4.838045539185883399e+02
4.894541425715891592e+02 4.818088722508482533e+02 4.838640030055542525e+02
4.895081688685295944e+02 4.818618097218014782e+02 4.839164276192655620e+02
4.895555847765498356e+02 4.819083071631880557e+02 4.839623986794330790e+02
4.895969440972526741e+02 4.819489011615074787e+02 4.840024601042601944e+02
4.896327728199507874e+02 4.819841017049078005e+02 4.840371280783223824e+02
4.896635686178814808e+02 4.820143916330622460e+02 4.840668906326014280e+02
4.896898006368047618e+02 4.820402263842324828e+02 4.840922075064815431e+02
4.897119095542647074e+02 4.820620340048395747e+02 4.841135102595042667e+02
4.897303078681438819e+02 4.820802153844533109e+02 4.841312026011142962e+02
4.897453803713991647e+02 4.820951446898419590e+02 4.841456609112638603e+02
4.897574848006877346e+02 4.821071699528920931e+02 4.841572349097123720e+02
4.897669510539122371e+02 4.821166112792146805e+02 4.841662470750208627e+02
4.897740866006556644e+02 4.821237700879868839e+02 4.841729973358884536e+02
4.897791733400584917e+02 4.821289200576430289e+02 4.841777610682166824e+02
4.897824697543246089e+02 4.821323131323193820e+02 4.841807903877935928e+02
4.897842121037140828e+02 4.821341797231807504e+02 4.841823156689948178e+02
4.897846156080776723e+02 4.821347298226382350e+02 4.841825466612438049e+02
4.897838756203192929e+02 4.821341541339967876e+02 4.841816736520780182e+02
4.897821688053331286e+02 4.821326252057887132e+02 4.841798686337861000e+02
4.897796543135985985e+02 4.821302985627941098e+02 4.841772864622004136e+02
4.897764749398575077e+02 4.821273138241557490e+02 4.841740659989327469e+02
4.897727582586132371e+02 4.821237958003791846e+02 4.841703312293638533e+02
4.897686177273846511e+02 4.821198555627789801e+02 4.841661923505528193e+02
4.897641537623331374e+02 4.821155914769557853e+02 4.841617468200812482e+02
4.897594547632737090e+02 4.821110902033518073e+02 4.841570803698778604e+02
4.897545981009606066e+02 4.821064276514338758e+02 4.841522679728245748e+02
4.897496510570924215e+02 4.821016698916469636e+02 4.841473747641973091e+02
4.897446717162254686e+02 4.820968740209808061e+02 4.841424569156322377e+02
4.897397098087386667e+02 4.820920889816131307e+02 4.841375624606549195e+02
4.897348075042562527e+02 4.820873563316935702e+02 4.841327320712671849e+02
4.897300001557474616e+02 4.820827109687172083e+02 4.841279997858922002e+02
4.897253169947222204e+02 4.820781818055797885e+02 4.841233936891686653e+02
4.897207817785076713e+02 4.820737924004016577e+02 4.841189365445877684e+02
4.897164133907879204e+02 4.820695615410467099e+02 4.841146463811568310e+02
4.897122263968506104e+02 4.820655037858931564e+02 4.841105370356282833e+02
4.897082315553037688e+02 4.820616299623608256e+02 4.841066186519427674e+02
4.897044362879926211e+02 4.820579476249753839e+02 4.841028981397266762e+02
4.897008451101270339e+02 4.820544614747453807e+02 4.840993795937233699e+02
4.896974600225949530e+02 4.820511737419464566e+02 4.840960646762242732e+02
4.896942808685524824e+02 4.820480845341119220e+02 4.840929529644755007e+02
4.896913056563882947e+02 4.820451921514661535e+02 4.840900422652173916e+02
4.896885308511178891e+02 4.820424933715476072e+02 4.840873288982854774e+02
4.896859516362910654e+02 4.820399837052469820e+02 4.840848079514091751e+02
4.896835621484403873e+02 4.820376576261158448e+02 4.840824735081695849e+02
4.896813556860294057e+02 4.820355087748009169e+02 4.840803188510101336e+02
4.896793248950705220e+02 4.820335301411275282e+02 4.840783366415922728e+02
4.896774619317632755e+02 4.820317142219203106e+02 4.840765190781589808e+02
4.896757586073831021e+02 4.820300531662072672e+02 4.840748580368720013e+02
4.896742065131163031e+02 4.820285388945639511e+02 4.840733451919725212e+02
4.896727971286173329e+02 4.820271632073778960e+02 4.840719721211544879e+02
4.896715219155414047e+02 4.820259178764680996e+02 4.840707303959611636e+02
4.896703723972181024e+02 4.820247947235557149e+02 4.840696116587022857e+02
4.896693402259315917e+02 4.820237856866257289e+02 4.840686076873054731e+02
4.896684187747640067e+02 4.820228853213184266e+02 4.840677117859681289e+02
4.896675987538579307e+02 4.820220827351927824e+02 4.840669151933048511e+02
4.896668723507303866e+02 4.820213712939129209e+02 4.840662099949972799e+02
4.896662321497029779e+02 4.820207438301085858e+02 4.840655889563563505e+02
4.896656710878608010e+02 4.820201934964239285e+02 4.840650451422605443e+02
4.896651824425601944e+02 4.820197137732715760e+02 4.840645719576040165e+02
4.896647598400844004e+02 4.820192984755917678e+02 4.840641631545680070e+02
4.896643972606513557e+02 4.820189417585652905e+02 4.840638128359599932e+02
4.896640890397283101e+02 4.820186381194808973e+02 4.840635154556297266e+02
4.896638298661066528e+02 4.820183823963776035e+02 4.840632658159987614e+02
4.896636147771130823e+02 4.820181697638057585e+02 4.840630590629126573e+02
4.896634391514241997e+02 4.820179957261960340e+02 4.840628906782261538e+02
4.896632986998928914e+02 4.820178561092677683e+02 4.840627564704772112e+02
4.896631894547417119e+02 4.820177470498066441e+02 4.840626525640237787e+02
4.896631077574853634e+02 4.820176649841755534e+02 4.840625753869496748e+02
4.890475747799245028e+02 4.818927892504651140e+02 4.837827402781373394e+02
4.886141861183494939e+02 4.814552314103141271e+02 4.833972449688527036e+02
4.881908207892411156e+02 4.810436177148914112e+02 4.829824040550279278e+02
4.877729835593648886e+02 4.806397048937464547e+02 4.825720888079786732e+02
4.873649065878172451e+02 4.802452784370071299e+02 4.821709059966681252e+02
4.869691569905758683e+02 4.798626865032719593e+02 4.817816820694721400e+02
4.865875422371511831e+02 4.794936436173026095e+02 4.814063629735516088e+02
4.862213621010723728e+02 4.791394045661469363e+02 4.810462827416969276e+02
4.858715183703680509e+02 4.788008544904050154e+02 4.807023393944243708e+02
4.855385904918447295e+02 4.784785736282300377e+02 4.803750992224998981e+02
4.852233287200635914e+02 4.781742804480303448e+02 4.800657404481075901e+02
4.849257316023997078e+02 4.778859412867108176e+02 4.797733590237157273e+02
4.846453313662639744e+02 4.776142135755849267e+02 4.794978700149792417e+02
4.843818538338904887e+02 4.773588263617940015e+02 4.792390609063243119e+02
4.841349335230286215e+02 4.771194338509383215e+02 4.789965597144332037e+02
4.839041104076403030e+02 4.768956000518156202e+02 4.787699057799943603e+02
4.836888507096010130e+02 4.766868159156981051e+02 4.785585683910853163e+02
4.834885645104810692e+02 4.764925164919649205e+02 4.783619629421847890e+02
4.833026209125786750e+02 4.763120961076763251e+02 4.781794655033830850e+02
4.831303611012212400e+02 4.761449211327368971e+02 4.780104253888368930e+02
4.829711094075271376e+02 4.759903408663644200e+02 4.778541758738213048e+02
4.828241826212211549e+02 4.758476967291674100e+02 4.777100432627412374e+02
4.826888977704639956e+02 4.757163298352313632e+02 4.775773544270483626e+02
4.825645785256816680e+02 4.755955872902171109e+02 4.774554430393237681e+02
4.824505604370764331e+02 4.754848273222402781e+02 4.773436546703153454e+02
4.823461951159004002e+02 4.753834234076616667e+02 4.772413508689356831e+02
4.822508535581777664e+02 4.752907675184121672e+02 4.771479123940724207e+02
4.821639260885818885e+02 4.752062765510058853e+02 4.770627425222926945e+02
4.820848344510061452e+02 4.751293781351097323e+02 4.769852657998036420e+02
4.820130183917776776e+02 4.750595369778624786e+02 4.769149334245784075e+02
4.819479470070416482e+02 4.749962423987420266e+02 4.768512249085932240e+02
4.818892566984480936e+02 4.749392866404447773e+02 4.767938124444046935e+02
4.818363562111123883e+02 4.748877766089386228e+02 4.767420501183979695e+02
4.817887453755299134e+02 4.748414042691127861e+02 4.766954716444655560e+02
4.817459934218890112e+02 4.747997514737963343e+02 4.766536629926125670e+02
4.817077007441519072e+02 4.747624307011180917e+02 4.766162301045350773e+02
4.816734934577314107e+02 4.747290796499738121e+02 4.765828047949173651e+02
4.816430222293292331e+02 4.746993597824409790e+02 4.765530433906490657e+02
4.816159613180712995e+02 4.746729552543748127e+02 4.765266255865830090e+02
4.815920075310199309e+02 4.746495720249779424e+02 4.765032533501844796e+02
4.815708791830348332e+02 4.746289368393370864e+02 4.764826498546672155e+02
4.815523150486681629e+02 4.746107962418066109e+02 4.764645584350533909e+02
4.815360734324605687e+02 4.745949157596264172e+02 4.764487416444782752e+02
4.815219309770276936e+02 4.745810785586499492e+02 4.764349801188276388e+02
4.815096816426239457e+02 4.745690845925164467e+02 4.764230715351478125e+02
4.814991356354757386e+02 4.745587493273094992e+02 4.764128294501637129e+02
4.814901184195245492e+02 4.745499032503356034e+02 4.764040825274209965e+02
4.814824699255327118e+02 4.745423910937318510e+02 4.763966737795781796e+02
4.814760599801682019e+02 4.745361090832225841e+02 4.763904836308499853e+02
4.814707465007215887e+02 4.745308730554264685e+02 4.763853572948167425e+02
4.814663998632429980e+02 4.745265809418712024e+02 4.763811738902243746e+02
4.814629072834744079e+02 4.745231220850635054e+02 4.763778240398611956e+02
4.814601675167239136e+02 4.745203987191368924e+02 4.763752084889709977e+02
4.814580886380546190e+02 4.745183209530384261e+02 4.763732369623047020e+02
4.814565873218908223e+02 4.745168078680943609e+02 4.763718278491721776e+02
4.814555883761286736e+02 4.745157863632710473e+02 4.763709075493085265e+02
4.814550240026562733e+02 4.745151903146518748e+02 4.763704096466415763e+02
4.814548332219679878e+02 4.745149604041424709e+02 4.763702744879474835e+02
4.814549613838808000e+02 4.745150434864077624e+02 4.763704486611707125e+02
4.814553596234213160e+02 4.745153919491614829e+02 4.763708844000028080e+02
4.814559843431341051e+02 4.745159632929046438e+02 4.763715391004427033e+02
4.814567967539122151e+02 4.745167196878770710e+02 4.763723748749516176e+02
4.814577624495612440e+02 4.745176275604572425e+02 4.763733581331650839e+02
4.814588510116251427e+02 4.745186572118631148e+02 4.763744591936445545e+02
4.814600356434092419e+02 4.745197824640763429e+02 4.763756519243402181e+02
4.814612928315384579e+02 4.745209803323002689e+02 4.763769134101474378e+02
4.814626020333641350e+02 4.745222307220608400e+02 4.763782236458060311e+02
4.814639453886301226e+02 4.745235161497175795e+02 4.763795652527034008e+02
4.814653074539619979e+02 4.745248214848890029e+02 4.763809232180865365e+02
4.814666749587346999e+02 4.745261337136202542e+02 4.763822846553304657e+02
4.814680365809228419e+02 4.745274417206715611e+02 4.763836385838820888e+02
4.814693827416739964e+02 4.745287360901662055e+02 4.763849757276325931e+02
4.814707054174178893e+02 4.745300089229356786e+02 4.763862883304792035e+02
4.814719979681059385e+02 4.745312536696724806e+02 4.763875699878786349e+02
4.814732549807539499e+02 4.745324649787982025e+02 4.763888154933010810e+02
4.814744721269271963e+02 4.745336385579605576e+02 4.763900206985929344e+02
4.814756460333923087e+02 4.745347710481431136e+02 4.763911823870791409e+02
4.814767741647473827e+02 4.745358599095326895e+02 4.763922981586165406e+02
4.814778547173110610e+02 4.745369033181905252e+02 4.763933663255935471e+02
4.814788865232209787e+02 4.745379000727033940e+02 4.763943858190384617e+02
4.814798689640812199e+02 4.745388495100882551e+02 4.763953561040736986e+02
4.814808018933575795e+02 4.745397514302190984e+02 4.763962771039913378e+02
4.814816855667843356e+02 4.745406060279577787e+02 4.763971491321521512e+02
4.814825205800856338e+02 4.745414138324214832e+02 4.763979728310928294e+02
4.814833078134179800e+02 4.745421756528082255e+02 4.763987491182278404e+02
4.814840483819951373e+02 4.745428925302710468e+02 4.763994791376472335e+02
4.814847435922880550e+02 4.745435656950602379e+02 4.764001642173122377e+02
4.814853949033232539e+02 4.745441965288131314e+02 4.764008058313259539e+02
4.814860038926293555e+02 4.745447865312316935e+02 4.764014055667021807e+02
4.814865722263454586e+02 4.745453372908196457e+02 4.764019650942375961e+02
4.814871016331543956e+02 4.745458504594791407e+02 4.764024861431572049e+02
4.814875938816270491e+02 4.745463277301834069e+02 4.764029704790286246e+02
4.814880507606638957e+02 4.745467708179485840e+02 4.764034198848009964e+02
4.814884740627062456e+02 4.745471814432855240e+02 4.764038361444886505e+02
4.814888655694626323e+02 4.745475613181639574e+02 4.764042210292881805e+02
4.814892270397781431e+02 4.745479121341474524e+02 4.764045762859246906e+02
4.814895601996209393e+02 4.745482355525306843e+02 4.764049036269105386e+02
4.814898667336881317e+02 4.745485331959473569e+02 4.764052047224579951e+02
4.814901482786939937e+02 4.745488066418814128e+02 4.764054811940599734e+02
