3.024002949449668409e-01
2.455660367438944613e-01
1.946653904273383529e-01
1.439016288319930337e-01
1.019721266761420414e-01
6.404811028700697906e-02
3.226506848735474081e-02
9.714959895147406294e-03
9.063423018505115114e-03
1.622546087145495392e-02
2.022844309981310790e-02
1.864064274057767104e-02
1.685445420866348715e-02
1.440849430139578592e-02
1.246007650587602732e-02
1.191059683047611048e-02
1.110040685636442745e-02
1.197945286846192371e-02
1.217700792795551636e-02
1.203820416513362059e-02
1.164363020884798261e-02
1.080375304031408988e-02
1.015595546256646553e-02
9.085544991834976214e-03
8.005027891787809893e-03
6.717545803242847349e-03
5.529985124172897941e-03
4.383407912884004255e-03
3.457894126572093069e-03
2.680907347601560985e-03
1.922712756694705408e-03
1.271663536608651961e-03
6.373832889330808497e-04
2.856078209827485857e-04
6.908191786553022091e-04
1.258017611185989135e-03
1.745268584436666286e-03
2.180316230671262324e-03
2.536834016018913156e-03
2.851738096730757881e-03
3.095808564084887981e-03
3.304307927632968087e-03
3.474059188669462693e-03
3.594637250265773302e-03
3.680815684328741719e-03
3.738618052961504516e-03
3.784781424652691566e-03
3.809873392833952946e-03
3.823280356141976234e-03
3.824368660018543590e-03
3.819265093789218652e-03
3.809664520075480877e-03
3.795624292318674955e-03
3.782590077558880930e-03
3.767645645071767725e-03
3.753011275894418530e-03
3.737594951801452656e-03
3.723807968358176183e-03
3.711195710658375061e-03
3.699418554635130682e-03
3.688921740555681401e-03
3.679385000326234560e-03
3.671305174654278594e-03
3.663886961607019585e-03
3.657643510586296685e-03
3.652335461101931854e-03
3.647904465455727337e-03
3.644181955069384065e-03
3.641038813830535167e-03
3.638595774119228032e-03
3.636587272846433967e-03
3.635022526434100645e-03
3.633784453759640251e-03
3.632865753111979342e-03
3.632184189406449399e-03
3.631660637978238911e-03
3.631301476827190119e-03
3.631068394136999396e-03
3.630937845620114176e-03
3.630860380784387605e-03
3.630839565048524752e-03
3.630870220268289737e-03
3.630909044480031943e-03
3.630970303113816022e-03
3.631040969803271418e-03
3.631122673393011140e-03
3.631210102358243142e-03
3.631283756136657100e-03
2.339364096517617675e-01
2.061536641329024810e-01
1.814077919503895853e-01
1.486690448483325711e-01
1.161685759255076944e-01
8.601340372141706714e-02
5.844073783912515779e-02
3.698872132305831145e-02
1.963785292142922884e-02
7.479090159093975711e-03
2.169319293066983290e-03
5.644681544003321040e-03
9.523401140452478555e-03
8.022880132076653029e-03
7.738725917569378235e-03
6.233672957186991125e-03
5.752265738121906807e-03
4.535176407283101480e-03
3.522753790583628072e-03
2.778926905568691787e-03
1.759814084785552013e-03
1.202381155427193664e-03
7.395637584847472796e-04
1.334688668923690417e-03
2.185493956060890336e-03
2.871029032469602296e-03
3.670035862928802944e-03
4.289426239801870031e-03
4.879898373215419208e-03
5.427398436580561578e-03
5.831722543026852772e-03
6.142279206866337916e-03
6.316337939075228163e-03
6.468100107327494179e-03
6.498757224598035453e-03
6.535609988813451642e-03
6.519975736939528400e-03
6.502466114734725341e-03
6.468125193068779630e-03
6.432938521158409854e-03
6.412443300204404180e-03
6.384399374064355683e-03
6.379221036970222913e-03
6.361223123750087485e-03
6.362007739677908585e-03
6.355128756033215018e-03
6.355592575232561423e-03
6.355833075629248492e-03
6.357548552921097988e-03
6.361323868273787395e-03
6.361568651077879714e-03
6.366337404426831124e-03
6.366356640384826862e-03
6.369720284667404822e-03
6.369780843027562055e-03
6.371229879527517612e-03
6.371081203490577480e-03
6.370642609963335194e-03
6.370235564506449531e-03
6.368742126681065964e-03
6.368279196147734467e-03
6.366631187985866656e-03
6.366113107811013222e-03
6.364898390379160331e-03
6.364421551449678770e-03
6.363761383663963343e-03
6.363390399162545050e-03
6.363243565970947389e-03
6.363000510614155725e-03
6.363105245636996830e-03
6.362975303739506518e-03
6.363154438170801064e-03
6.363124191069059396e-03
6.363268948628385095e-03
6.363298254896162208e-03
6.363361412950408781e-03
6.363412988888423986e-03
6.363420414261715917e-03
6.363475578153477731e-03
6.363461712545924985e-03
6.363498407876473466e-03
6.363458764601372455e-03
6.363464674249965855e-03
6.363445741574525437e-03
6.363442445680765266e-03
6.363432433234943175e-03
6.363417404056464187e-03
6.363423502909487488e-03
6.363414740930506582e-03
6.363415078984805545e-03
6.363408526004024277e-03
6.363413091423435718e-03
6.363414571439914014e-03
6.363415800409618663e-03
6.363419138475449356e-03
6.363416250613649836e-03
6.363416687186158015e-03
6.363422627018913008e-03
6.363427915592878049e-03
6.363426627119486700e-03
6.363431110620372359e-03
6.363435483809153949e-03
6.363425540467121388e-03
6.363429702270972585e-03
6.363430499787421299e-03
6.363435198316605076e-03
6.363430182265410011e-03
6.363439404605260134e-03
6.363434859428717706e-03
6.363439510717520606e-03
6.709703038364535077e-01
6.019827555992030010e-01
5.327268370192155267e-01
4.644718148332780960e-01
3.966279816494604482e-01
3.320403386173476634e-01
2.733482730947370265e-01
2.156102913397967835e-01
1.717420069810537131e-01
1.314188007403161440e-01
1.006092013191152573e-01
7.880905364059677398e-02
5.901713203064026109e-02
3.997675032077768753e-02
2.448779664482159460e-02
8.336011767300581521e-03
5.617501938937672842e-03
1.360763714552262228e-02
1.831251373821249015e-02
2.205533672316664640e-02
2.317757951522888757e-02
2.307644348095963527e-02
2.122738146739916107e-02
1.950462733682238256e-02
1.741237449611375207e-02
1.570115460681100264e-02
1.407476626282051606e-02
1.277266691647744451e-02
1.161750127971730197e-02
1.075098341670749358e-02
1.019396043780088947e-02
9.572969533303256340e-03
9.241488574380458954e-03
8.771094490377964042e-03
8.422367635238422676e-03
7.970948810930810619e-03
7.587329128034614456e-03
7.140524893570128137e-03
6.738916241746862289e-03
6.339747034285512541e-03
5.976718197231373382e-03
5.683457542353395966e-03
5.411246771007858884e-03
5.224579709478774370e-03
5.055804940284927725e-03
4.951214013472016694e-03
4.859109933604274963e-03
4.799559946688207977e-03
4.741365485689486882e-03
4.698840288584919117e-03
4.655475172926483093e-03
4.613220510518006683e-03
4.575636888446300149e-03
4.535285619049173912e-03
4.503470913267056466e-03
4.471581440335126514e-03
4.448584082692573494e-03
4.428312938476976039e-03
4.415960119150251321e-03
4.406473967429274871e-03
4.402282688229780874e-03
4.400387218073736548e-03
4.400445060803301854e-03
4.402065533155508602e-03
4.403360662184000601e-03
4.405340914554271500e-03
4.406341184216205908e-03
4.407525238992834014e-03
4.407863441226438778e-03
4.408398303679278776e-03
4.408499787389181385e-03
4.408860045116253304e-03
4.409216016298862957e-03
4.409757788875070562e-03
4.410521662679942750e-03
4.411331746099304840e-03
4.412331596237905641e-03
4.413256270495765493e-03
4.414243658468888776e-03
4.415066836857297478e-03
4.415852736344621186e-03
4.416465523377761764e-03
4.416991085129690943e-03
4.417382902429167930e-03
4.417688734912420326e-03
4.417930337286107498e-03
4.418109793179781329e-03
4.418273367730650956e-03
4.418400876271524370e-03
4.418534138942389715e-03
4.418642846382932025e-03
4.418760896898492850e-03
4.418860843885379260e-03
4.418955746373881555e-03
4.419034754401488831e-03
4.419102581118754085e-03
4.419158605473058263e-03
4.419199736217354832e-03
4.419223756585569270e-03
4.419242789924223563e-03
5.035381635834627057e-01
4.453357440290853231e-01
3.904707012465029048e-01
3.345451441384439950e-01
2.788141564232441971e-01
2.239760508764613023e-01
1.716556000411689487e-01
1.221695516570861229e-01
7.576817811333851072e-02
3.579042156843920131e-02
4.921028733679622298e-03
1.660740567105886342e-02
2.757289657209462813e-02
3.044287989063772584e-02
2.905459172164829434e-02
2.528369903152219780e-02
2.155512795613638566e-02
1.817939854373228428e-02
1.441765340396418231e-02
1.198584318306707142e-02
1.075197587232792559e-02
1.043803947130107421e-02
1.018046499452701821e-02
9.878045313025092186e-03
9.259581543553687538e-03
8.218140393595961893e-03
6.868058593840735068e-03
5.238575792803796226e-03
3.583258915330796591e-03
2.038702231598151556e-03
8.109454565856054602e-04
6.557729430606866125e-04
1.413014040647166385e-03
2.070044729284641841e-03
2.610095629817100159e-03
3.004741759142354890e-03
3.316511581915458813e-03
3.571755915156091341e-03
3.763578260775061329e-03
3.889879635938999543e-03
3.965961924633835262e-03
3.997689151654656298e-03
3.991326544168631932e-03
3.963723222130666017e-03
3.922219087015180010e-03
3.873894166110973189e-03
3.820311026578961967e-03
3.767735871192460107e-03
3.718172965047618263e-03
3.674296102127727788e-03
3.636832095653721487e-03
3.605479371536198917e-03
3.581032726526497435e-03
3.562069810249378615e-03
3.548226938137407412e-03
3.538514651979138628e-03
3.532729149138760447e-03
3.529529384402891462e-03
3.528319012401273831e-03
3.528618945448980682e-03
3.529816481450352966e-03
3.531625731040682024e-03
3.533634534839345896e-03
3.535786032228564833e-03
3.537784684531264552e-03
3.539609102654986059e-03
3.541146208285078211e-03
3.542429997279669153e-03
3.543449657369862268e-03
3.544202588632824110e-03
3.544754412984901272e-03
3.545095977648223939e-03
3.545315145641729417e-03
3.545382719644852524e-03
3.545387845594911904e-03
3.545324210153385017e-03
3.545232033599652732e-03
3.545111072134829889e-03
3.544976330090148387e-03
3.544849667017097895e-03
3.544736676845372005e-03
3.544637792517617292e-03
3.544546701605671112e-03
3.544472409317426641e-03
3.544414517462718146e-03
3.544368883994500861e-03
3.544335988966251794e-03
3.544325292035302270e-03
3.544305471343921123e-03
3.544308836799995102e-03
3.544300079278874492e-03
3.544304847556051675e-03
3.544309510839863727e-03
3.544317591502469788e-03
3.544326131635150250e-03
3.544331826441866722e-03
3.544334859432849653e-03
3.544335537039334464e-03
3.544342404516931909e-03
3.544347952409565485e-03
4.181257204036417097e-01
3.582378710154301427e-01
2.979200597618764101e-01
2.329263856404632516e-01
1.712624183458162641e-01
1.174894485510854791e-01
7.421635039228076380e-02
4.237975693089944540e-02
1.608074198591431456e-02
9.089813035449346990e-03
2.660482473891495267e-02
3.611711709765620670e-02
3.906427037330748725e-02
4.222689844964505612e-02
4.196731371710076680e-02
4.100500975907366702e-02
3.661307151963514445e-02
3.329022566337922623e-02
2.882140524834327436e-02
2.503558504381321256e-02
2.103360857453173693e-02
1.729662660407393915e-02
1.398651039052424029e-02
1.182221182838642803e-02
9.718723424498273630e-03
8.866722683343623498e-03
7.878071308446558604e-03
7.826193857425058423e-03
7.685642972341843668e-03
7.786875494270533750e-03
8.003168995470568564e-03
8.138661587261480923e-03
8.428354121444957270e-03
8.603089321834839556e-03
8.894671332076812056e-03
9.146220532436515060e-03
9.366140651113102900e-03
9.598010231778576068e-03
9.734245456658206785e-03
9.879420739245354036e-03
9.950069642486389365e-03
1.000346796190751744e-02
1.003556371588440813e-02
1.003760362346848775e-02
1.004339644688008806e-02
1.002226861783261577e-02
1.000116921466130161e-02
9.971558965658775323e-03
9.937425087913202490e-03
9.909699945694100398e-03
9.877361221418223466e-03
9.854336941079176390e-03
9.831852078570846309e-03
9.814352781388271940e-03
9.801573146355196248e-03
9.790017120250404936e-03
9.783965787553250415e-03
9.778496438154125198e-03
9.776498583575710111e-03
9.775930920438850522e-03
9.776407926774081936e-03
9.778532978909472081e-03
9.780380853181473363e-03
9.783187953576653884e-03
9.785596095594076629e-03
9.788016014694445391e-03
9.790273802932554156e-03
9.792004550295071649e-03
9.793671580528280282e-03
9.794802509433384388e-03
9.795752049448092774e-03
9.796379597280708423e-03
9.796720073261894896e-03
9.796934595481178454e-03
9.796903189371260895e-03
9.796819931159356232e-03
9.796612570311915430e-03
9.796373078810167306e-03
9.796122059540756863e-03
9.795848518579378453e-03
9.795611090959319145e-03
9.795370208230423648e-03
9.795179035759316727e-03
9.795020766114648919e-03
9.794885852601006859e-03
9.794798252627115800e-03
9.794726539699514373e-03
9.794684130805473773e-03
9.794666998288381263e-03
9.794657803275718527e-03
9.794673920957260374e-03
9.794676668025432270e-03
9.794701639024802967e-03
9.794715884656081742e-03
9.794757628271189703e-03
9.794775265313809473e-03
9.794789243457353162e-03
9.794812912701641658e-03
9.794825098849655950e-03
9.794844233822722068e-03
9.794846910829190997e-03
9.794859722905797234e-03
