4.602539519038306253e+02 4.641560991840711949e+02 4.909155587085791694e+02
4.759300847520503339e+02 4.672066142505089488e+02 4.717995879997508268e+02
4.768373038962218970e+02 4.698726851831104341e+02 4.717096134581398701e+02
4.776509197358125789e+02 4.707065803794389467e+02 4.726390733813191787e+02
4.784820056287057355e+02 4.715000438143138695e+02 4.734725985546258471e+02
4.792806361409961937e+02 4.722688956540275171e+02 4.742671565297047209e+02
4.800462683678060785e+02 4.730069436297725929e+02 4.750276346177308824e+02
4.807790729679953188e+02 4.737139451193792183e+02 4.757542609455063030e+02
4.814790424221362741e+02 4.743897936717657444e+02 4.764472864807200949e+02
4.821462119531802273e+02 4.750344346883114781e+02 4.771069502425343103e+02
4.827806946994490431e+02 4.756479048400005922e+02 4.777335223979148395e+02
4.838579348473020332e+02 4.767387055712009669e+02 4.787075630213407749e+02
4.847758227368182702e+02 4.776661669771216339e+02 4.796759148848547056e+02
4.857384666633496408e+02 4.785810463682311706e+02 4.806043768649640242e+02
4.865058037250046823e+02 4.793704315917410099e+02 4.813669428031828943e+02
4.872068489424430027e+02 4.800555881484110046e+02 4.820780130295478330e+02
4.877815247075924390e+02 4.806358042888358568e+02 4.826846253660513071e+02
4.882512882518752235e+02 4.809758260606449198e+02 4.831143998319673756e+02
4.885724355440887052e+02 4.813265236234700524e+02 4.834719080420984483e+02
4.887467284920289785e+02 4.813945671942280455e+02 4.836255169125241196e+02
4.888469876383294945e+02 4.814644414468895661e+02 4.836789647758145634e+02
4.888225035265302267e+02 4.814137318307263058e+02 4.836605158762405381e+02
4.887939079420614803e+02 4.813813385889673668e+02 4.836217646235684811e+02
4.887409312461277295e+02 4.813443761121612283e+02 4.835772011177330683e+02
4.887021425929515317e+02 4.813237589396176759e+02 4.835322693118259281e+02
4.886849115013469032e+02 4.813253303935548502e+02 4.835204282932496653e+02
4.886718382889858390e+02 4.813166000287590691e+02 4.834985572241528189e+02
4.886861780395884125e+02 4.813487119221503008e+02 4.835034694237800181e+02
4.886924944404352118e+02 4.813505631919001644e+02 4.835058947536109031e+02
4.886910446875516527e+02 4.813433190273253217e+02 4.835062932855699955e+02
4.886798063177836866e+02 4.813394630454981780e+02 4.835001629138234875e+02
4.886646270201678135e+02 4.813236861216519742e+02 4.834844694601680430e+02
4.886487953058089602e+02 4.813177489424009536e+02 4.834712225889190336e+02
4.886277924261351586e+02 4.813000641743272467e+02 4.834508543591544480e+02
4.886065113588290387e+02 4.812831101318524247e+02 4.834295597976320096e+02
4.885820080727356185e+02 4.812607885785600388e+02 4.834051969824240018e+02
4.885611722994705133e+02 4.812397823069640594e+02 4.833811087733439535e+02
4.885391959062995397e+02 4.812198885004748945e+02 4.833594781448857702e+02
4.885214852815522022e+02 4.812048691412637140e+02 4.833409352213433863e+02
4.885055305976853788e+02 4.811928554252140771e+02 4.833260506219262425e+02
4.884907581919447352e+02 4.811794808106869823e+02 4.833119710533794091e+02
4.884779385561372465e+02 4.811682358158737429e+02 4.832994453085113946e+02
4.884649280187812792e+02 4.811564735589836346e+02 4.832873686297211293e+02
4.884536646448779607e+02 4.811460729488227912e+02 4.832765278717357091e+02
4.884419136016647940e+02 4.811345212214845333e+02 4.832659616995032934e+02
4.884304736855570468e+02 4.811234509442306262e+02 4.832555482704946144e+02
4.884205277285565785e+02 4.811147809258303027e+02 4.832466192665971789e+02
4.884120807962731874e+02 4.811067877879452794e+02 4.832387831908264388e+02
4.884051346260931723e+02 4.811004229401577845e+02 4.832322522322148188e+02
4.883990591992259738e+02 4.810947212871609509e+02 4.832265407358203788e+02
4.883942803047989969e+02 4.810905923814029848e+02 4.832218955043913979e+02
4.883902346547615139e+02 4.810868879356353887e+02 4.832180803594039844e+02
4.883870978000658738e+02 4.810838636860922861e+02 4.832148472593698898e+02
4.883847064283264103e+02 4.810818553449954038e+02 4.832125574658536493e+02
4.883830147920178888e+02 4.810804113682127650e+02 4.832109152745459824e+02
4.883819356854704665e+02 4.810793920307327198e+02 4.832098149854307394e+02
4.883811346729406750e+02 4.810785052039390166e+02 4.832089539263685651e+02
4.883806780619831329e+02 4.810780654338712452e+02 4.832084630693391887e+02
4.883804435077063886e+02 4.810777905207956451e+02 4.832082318755748247e+02
4.883804593252310156e+02 4.810777484772185630e+02 4.832082014906821996e+02
4.883805891976920179e+02 4.810777926427149396e+02 4.832083131228246771e+02
4.883807897252081034e+02 4.810779324724846902e+02 4.832085060822153650e+02
4.883810734439504131e+02 4.810781535704380190e+02 4.832087803825047558e+02
4.883813571029446052e+02 4.810783343299225407e+02 4.832090413183966575e+02
4.883816700532113941e+02 4.810785627224309451e+02 4.832093305521236175e+02
4.883819596505808249e+02 4.810787932090869958e+02 4.832096220704358416e+02
4.883822614270048348e+02 4.810790477453954281e+02 4.832099204758299038e+02
4.883825362289965710e+02 4.810792625109095866e+02 4.832101958070759906e+02
4.883827872892942423e+02 4.810794656270818450e+02 4.832104413887284409e+02
4.883830150335057851e+02 4.810796592291120533e+02 4.832106727632676666e+02
4.883832182606848846e+02 4.810798325629431247e+02 4.832108780099224532e+02
4.883834059618347965e+02 4.810799884105529713e+02 4.832110634074113023e+02
4.883835615300000086e+02 4.810801212370433859e+02 4.832112227784392076e+02
4.883837031904373021e+02 4.810802467862031335e+02 4.832113665540686043e+02
4.883838217940977415e+02 4.810803512421521759e+02 4.832114893271926803e+02
4.883839247133868184e+02 4.810804396951431841e+02 4.832115922125977932e+02
4.883840094078084917e+02 4.810805139232659258e+02 4.832116787932064881e+02
4.883840794029513859e+02 4.810805778637573553e+02 4.832117509798897004e+02
4.883841387992599152e+02 4.810806314554974961e+02 4.832118120670730264e+02
4.883841853646380855e+02 4.810806725336013301e+02 4.832118597703796468e+02
4.883842234759308667e+02 4.810807069197545616e+02 4.832118985277265324e+02
4.883842520991749439e+02 4.810807342733598944e+02 4.832119291053274992e+02
4.883842754843089438e+02 4.810807556676208492e+02 4.832119528935841117e+02
4.883842924901739480e+02 4.810807716287826565e+02 4.832119707674767142e+02
4.883843051017594235e+02 4.810807836164863716e+02 4.832119838856107776e+02
4.883843143717606381e+02 4.810807931849929560e+02 4.832119939733310616e+02
4.883843207694632156e+02 4.810807997430604814e+02 4.832120008655639936e+02
4.883843250433441199e+02 4.810808039666312084e+02 4.832120052625300559e+02
4.883843271474105450e+02 4.810808065607723734e+02 4.832120077538849046e+02
4.883843283091739522e+02 4.810808082966195229e+02 4.832120091128181230e+02
4.883843283522558067e+02 4.810808090030541848e+02 4.832120094768967533e+02
4.883843277168978716e+02 4.810808085497485536e+02 4.832120088615012605e+02
4.883843266877243536e+02 4.810808083018405341e+02 4.832120079553891969e+02
4.883843253551901853e+02 4.810808073839704662e+02 4.832120067934258145e+02
4.883843239165319687e+02 4.810808063794102623e+02 4.832120053114264806e+02
4.883843222850426855e+02 4.810808050629951254e+02 4.832120037244905006e+02
4.883843206156331007e+02 4.810808036335869247e+02 4.832120019793151187e+02
4.883843190607629481e+02 4.810808025490684372e+02 4.832120005212577780e+02
4.883843176327699780e+02 4.810808013179789100e+02 4.832119990873886763e+02
4.889040191116649794e+02 4.816554882741743313e+02 4.836539081153706547e+02
4.893387138946390564e+02 4.821070190726632063e+02 4.841399083608583283e+02
4.900210306740516444e+02 4.827075993436575914e+02 4.846619779484793185e+02
4.906360579292183388e+02 4.832997264044075223e+02 4.852532962571740427e+02
4.912226548631721812e+02 4.838247239501300783e+02 4.858083800228842506e+02
4.917629329229931727e+02 4.843020355346474730e+02 4.863147557139994888e+02
4.922170833866803719e+02 4.846483070012514531e+02 4.866940609321766829e+02
4.925591287541568022e+02 4.849423366412100904e+02 4.870168345234711751e+02
4.928145961200614238e+02 4.851370582300067440e+02 4.872364906069313406e+02
4.930203696998982537e+02 4.853095784084305819e+02 4.873876577948030331e+02
4.930974142391685291e+02 4.853597832743376443e+02 4.874506809770736027e+02
4.931838911660873350e+02 4.854321715435287388e+02 4.875037602436519251e+02
4.931513355433090169e+02 4.853993330430067772e+02 4.874870757477441430e+02
4.931352043177935229e+02 4.854004175625840389e+02 4.874891192880580206e+02
4.931189734041756196e+02 4.853622325338845371e+02 4.874555264009242705e+02
4.931014825958698111e+02 4.853628179672512033e+02 4.874490418629750934e+02
4.930836320701712339e+02 4.853257336456614439e+02 4.874313508837421978e+02
4.930604918450054015e+02 4.853106299090039784e+02 4.874141130548788396e+02
4.930452772159200094e+02 4.852931530578865136e+02 4.874021096150809171e+02
4.930214189628028407e+02 4.852774428966203573e+02 4.873834968327571460e+02
4.930092381710997529e+02 4.852611876306184513e+02 4.873658702852031297e+02
4.929833306695462056e+02 4.852498612840995520e+02 4.873490882733603371e+02
4.929706043537273672e+02 4.852342140022606714e+02 4.873327627641902495e+02
4.929512053225976160e+02 4.852183833127287471e+02 4.873142378208407308e+02
4.929368561284399561e+02 4.852072021389052452e+02 4.872996368011691288e+02
4.929201641981817374e+02 4.851940390157209890e+02 4.872838949046406469e+02
4.929066402354470142e+02 4.851851103571572708e+02 4.872712073372592272e+02
4.928949866028215752e+02 4.851753312489663585e+02 4.872596840014964528e+02
4.928831636790641824e+02 4.851674633778270049e+02 4.872487321237156834e+02
4.928753479663280928e+02 4.851607319629534345e+02 4.872408450773473305e+02
4.928684688855663580e+02 4.851568718499767101e+02 4.872342829737612533e+02
4.928649852731956003e+02 4.851540966327671072e+02 4.872308899570242602e+02
4.928616640613956861e+02 4.851520779078191481e+02 4.872277999577959804e+02
4.928608483022406404e+02 4.851520902994830067e+02 4.872269043592951334e+02
4.928598635163743893e+02 4.851517706011563860e+02 4.872261525251421972e+02
4.928601790263988391e+02 4.851523025314715483e+02 4.872261868539713419e+02
4.928605014535477835e+02 4.851527377349671042e+02 4.872264046072347128e+02
4.928609227857665473e+02 4.851536817336347553e+02 4.872269332461549425e+02
4.928618058419640988e+02 4.851541668254324122e+02 4.872275301978095854e+02
4.928621614737379559e+02 4.851547137271465999e+02 4.872277698808335344e+02
4.928627860627904624e+02 4.851552065029962364e+02 4.872282162281980504e+02
4.928628798078547106e+02 4.851553528223897729e+02 4.872282658840574641e+02
4.928633013492889745e+02 4.851556714429407293e+02 4.872285322002363728e+02
4.928632959592046632e+02 4.851556394340426550e+02 4.872285261509656493e+02
4.928634663045484672e+02 4.851557420549406174e+02 4.872286378042499564e+02
4.928634875557680175e+02 4.851556980933630143e+02 4.872286362788735801e+02
4.928634859551170848e+02 4.851556701992396370e+02 4.872286512695014835e+02
4.928635042828510677e+02 4.851555714796544407e+02 4.872286386700776575e+02
4.928634133922233787e+02 4.851554963890819749e+02 4.872285926417511064e+02
4.928634384291949573e+02 4.851554441413937298e+02 4.872286069656246923e+02
4.928633363703461328e+02 4.851553446499596021e+02 4.872285420536268248e+02
4.928633552399419386e+02 4.851553225309107233e+02 4.872285452809699677e+02
4.928632771325232511e+02 4.851552582368683488e+02 4.872284993402039390e+02
4.928632826867851691e+02 4.851552494960214403e+02 4.872284995333790221e+02
4.928632541728094338e+02 4.851552210523970530e+02 4.872284759584047151e+02
4.928632499924446506e+02 4.851552284389772467e+02 4.872284804005010983e+02
4.928632617034188570e+02 4.851552336653002726e+02 4.872284880128125337e+02
4.928632610236517166e+02 4.851552481310036455e+02 4.872284961623878985e+02
4.928632948735764785e+02 4.851552723399994989e+02 4.872285213424540302e+02
4.928632967484616643e+02 4.851552852022379057e+02 4.872285316586162480e+02
4.928633328385012078e+02 4.851553131320799253e+02 4.872285594107625570e+02
4.928633393106121048e+02 4.851553238008478388e+02 4.872285706235481939e+02
4.928633650466691734e+02 4.851553443645826178e+02 4.872285918564582516e+02
4.928633740467512325e+02 4.851553522783281664e+02 4.872286013029141714e+02
4.928633867289369732e+02 4.851553639704097804e+02 4.872286134987173227e+02
4.928633958500057588e+02 4.851553685916185827e+02 4.872286204353721928e+02
4.928633977904950711e+02 4.851553714074693744e+02 4.872286237150844386e+02
4.928634046980536709e+02 4.851553738865758305e+02 4.872286279595966789e+02
4.928634013354554781e+02 4.851553722577879739e+02 4.872286269924390467e+02
4.928634057135307671e+02 4.851553730779695002e+02 4.872286291362619295e+02
4.928634014030217827e+02 4.851553698739899687e+02 4.872286266153932957e+02
4.928634027499808212e+02 4.851553697001670571e+02 4.872286271695736559e+02
4.928633997402965861e+02 4.851553667782677621e+02 4.872286250304262012e+02
4.928633992550842322e+02 4.851553660828177499e+02 4.872286245862593432e+02
4.928633981853378714e+02 4.851553646216568154e+02 4.872286236148424337e+02
4.928633967377053864e+02 4.851553639168768086e+02 4.872286228656222988e+02
4.928633970743468922e+02 4.851553633739641214e+02 4.872286226950452033e+02
4.928633954306948226e+02 4.851553627327945151e+02 4.872286218714891106e+02
4.928633961214238184e+02 4.851553627961877737e+02 4.872286219276035126e+02
4.928633949140250365e+02 4.851553624304308983e+02 4.872286214224768628e+02
4.928633958074321413e+02 4.851553631722146633e+02 4.872286220025699777e+02
4.928633955775520121e+02 4.851553631563560884e+02 4.872286219118661847e+02
4.928633959747690483e+02 4.851553634954930772e+02 4.872286222287814894e+02
4.928633961015962086e+02 4.851553635926815105e+02 4.872286221978677077e+02
4.928633961006601680e+02 4.851553638898763552e+02 4.872286224394079568e+02
4.928633965852541223e+02 4.851553640783743617e+02 4.872286226187234206e+02
4.928633963590942813e+02 4.851553640416715325e+02 4.872286225344781769e+02
4.928633966080164441e+02 4.851553642058146352e+02 4.872286226175697834e+02
4.928633964567004568e+02 4.851553642762649474e+02 4.872286226662355944e+02
4.928633967204443707e+02 4.851553642759259901e+02 4.872286227758747259e+02
4.928633965973546651e+02 4.851553642370614625e+02 4.872286226831226941e+02
4.928633966453513722e+02 4.851553641154465026e+02 4.872286226783514849e+02
4.928633965896328846e+02 4.851553641409833517e+02 4.872286226394041364e+02
4.928633964754634462e+02 4.851553640948814063e+02 4.872286226092521133e+02
4.928633965535894390e+02 4.851553641144900553e+02 4.872286226723483651e+02
4.928633965202158151e+02 4.851553641380474460e+02 4.872286226568111829e+02
4.928633964537967813e+02 4.851553640020300691e+02 4.872286225342856483e+02
4.928633963171910182e+02 4.851553639332584567e+02 4.872286224438538511e+02
4.928633963254908963e+02 4.851553639770274344e+02 4.872286224624123747e+02
4.928633962602447696e+02 4.851553638504126980e+02 4.872286224055424668e+02
4.928633962570202129e+02 4.851553637420005884e+02 4.872286222831868940e+02
4.928633963727220930e+02 4.851553639807686409e+02 4.872286224739855811e+02
4.928633962989799215e+02 4.851553638926984604e+02 4.872286224051242129e+02
4.928633962904091277e+02 4.851553638829045667e+02 4.872286223804420615e+02
4.928633962027121811e+02 4.851553637643282286e+02 4.872286223245076258e+02
4.928633962482916786e+02 4.851553639346973341e+02 4.872286223851924660e+02
4.928633961199104760e+02 4.851553636547421888e+02 4.872286222813948484e+02
4.928633962438368030e+02 4.851553638321669837e+02 4.872286222426497488e+02
4.928633961547446916e+02 4.851553636820108295e+02 4.872286222199465442e+02
4.928633962788319991e+02 4.851553638958511669e+02 4.872286223498558684e+02
4.917166764251740574e+02 4.836033716327155503e+02 4.861171846981489466e+02
4.904245988513974339e+02 4.823544830890878643e+02 4.848300279735752838e+02
4.891375345144882090e+02 4.811011269025785850e+02 4.835971124186785346e+02
4.878800725495960364e+02 4.798865580979694982e+02 4.823193456897720353e+02
4.866607528739538111e+02 4.786998103751266171e+02 4.811545922313896426e+02
4.856234273109505466e+02 4.776663864095605163e+02 4.799822641148739990e+02
4.845045589833275699e+02 4.766061060265267315e+02 4.789692232965987273e+02
4.837687899971615479e+02 4.758092546582746536e+02 4.780771168845247985e+02
4.830071806646278674e+02 4.750822340212709491e+02 4.773369168591202083e+02
4.824604203327348841e+02 4.745060419719106903e+02 4.767554612746796465e+02
4.820579184351096274e+02 4.740807068209877002e+02 4.763769210116014960e+02
4.816951402229954056e+02 4.737341345178433585e+02 4.759910432230963693e+02
4.813139330164029275e+02 4.733764120041775527e+02 4.756774353815739573e+02
4.810406068166424234e+02 4.730955576373460190e+02 4.753704518000813550e+02
4.807188997341387449e+02 4.728030404478702735e+02 4.750822480732028339e+02
4.804483058825221633e+02 4.725797327070926599e+02 4.748346732618376791e+02
4.802789997200059133e+02 4.724645912018835361e+02 4.746678021144999775e+02
4.801622328890011886e+02 4.724065521590576964e+02 4.745831897949344693e+02
4.800917305001117370e+02 4.723342985619773913e+02 4.745183812985866894e+02
4.800688433689542194e+02 4.723191351861086673e+02 4.744948228630247513e+02
4.800633253514459398e+02 4.723300210595692761e+02 4.744961232438390084e+02
4.800953930135273140e+02 4.723628120716384728e+02 4.745336534990946689e+02
4.801331282858431564e+02 4.723906718072685749e+02 4.745629179061896821e+02
4.801734194614948024e+02 4.724297253693157472e+02 4.745996273791125759e+02
4.802030766337632031e+02 4.724590177595538307e+02 4.746353191769541127e+02
4.802355566999890470e+02 4.724866119926352894e+02 4.746650748158130000e+02
4.802626704089721557e+02 4.725048121742042895e+02 4.746910629851162184e+02
4.802843140374106383e+02 4.725242866652367866e+02 4.747137644144100364e+02
4.803042836706661660e+02 4.725352983503345854e+02 4.747300499551135431e+02
4.803170222246283174e+02 4.725414559087977295e+02 4.747414791164515009e+02
4.803297428790564254e+02 4.725513863518536937e+02 4.747530417131192735e+02
4.803374774972494379e+02 4.725549506686629684e+02 4.747598202150311977e+02
4.803464097513948445e+02 4.725626575949052040e+02 4.747691300109156032e+02
4.803539732928308013e+02 4.725672904117433291e+02 4.747760685030073091e+02
4.803619916669399004e+02 4.725758186525328597e+02 4.747845292634958128e+02
4.803694797409160060e+02 4.725814042408901514e+02 4.747925600870821086e+02
4.803780931385784356e+02 4.725893794382233750e+02 4.748006744727434238e+02
4.803853683502813396e+02 4.725959415506459322e+02 4.748090031094578762e+02
4.803928509167114385e+02 4.726028902623320960e+02 4.748166325934664656e+02
4.803997791537352668e+02 4.726092125131577859e+02 4.748234427843139542e+02
4.804053100890620840e+02 4.726141799899722855e+02 4.748291418228319003e+02
4.804104899182872259e+02 4.726189481194301720e+02 4.748342390000088358e+02
4.804142596349333303e+02 4.726219397254170076e+02 4.748377671513782161e+02
4.804174323620277960e+02 4.726249528358479779e+02 4.748409149087509036e+02
4.804196110205117520e+02 4.726265654733945780e+02 4.748428820933901875e+02
4.804213438264534375e+02 4.726283180038183787e+02 4.748444979389256559e+02
4.804225250355180492e+02 4.726292526287260216e+02 4.748456639387827067e+02
4.804236142459691337e+02 4.726304402808802365e+02 4.748466164469082855e+02
4.804243989837965501e+02 4.726312166727465183e+02 4.748474089396467548e+02
4.804251794369270101e+02 4.726320977452413672e+02 4.748481551553482518e+02
4.804259430718260546e+02 4.726329349280371730e+02 4.748488989343164803e+02
4.804266152905543095e+02 4.726336629883500109e+02 4.748495831648850753e+02
4.804273408534128293e+02 4.726344536109508567e+02 4.748503057611519580e+02
4.804279387039470635e+02 4.726350333987772956e+02 4.748508888526600344e+02
4.804285109839773327e+02 4.726356462295059373e+02 4.748514722733861504e+02
4.804289618752745810e+02 4.726360315690473044e+02 4.748519053193251693e+02
4.804293425896241843e+02 4.726364127899872756e+02 4.748522663147916774e+02
4.804295880808335255e+02 4.726366043911906445e+02 4.748525095782949279e+02
4.804297761578686732e+02 4.726367812282093723e+02 4.748526696690064455e+02
4.804298651459310463e+02 4.726368417159144428e+02 4.748527504474266152e+02
4.804299054897605288e+02 4.726368796569413462e+02 4.748527771895019782e+02
4.804299078510269965e+02 4.726368825247047880e+02 4.748527689703760188e+02
4.804298770340386113e+02 4.726368607170636551e+02 4.748527325795510023e+02
4.804298475891409339e+02 4.726368512261157662e+02 4.748527012212986165e+02
4.804298083328978350e+02 4.726368240729424315e+02 4.748526588678317921e+02
4.804297811140422141e+02 4.726368220217619864e+02 4.748526344620842679e+02
4.804297556816321730e+02 4.726368066910927155e+02 4.748526103408304380e+02
4.804297433379627478e+02 4.726368128215066804e+02 4.748525991059997864e+02
4.804297304652436651e+02 4.726368055377477617e+02 4.748525899714270508e+02
4.804297258500607199e+02 4.726368098899156962e+02 4.748525852485501559e+02
4.804297181602420892e+02 4.726368037224084446e+02 4.748525792333689424e+02
4.804297106994803812e+02 4.726367987640973070e+02 4.748525721096025336e+02
4.804297009853531222e+02 4.726367884734097515e+02 4.748525620760296420e+02
4.804296871283787027e+02 4.726367741906300353e+02 4.748525478883555024e+02
4.804296721222729616e+02 4.726367595195469562e+02 4.748525327296627552e+02
4.804296542033820856e+02 4.726367408611004635e+02 4.748525138992802113e+02
4.804296365557948434e+02 4.726367250305128209e+02 4.748524962967055103e+02
4.804296182985075916e+02 4.726367070602546505e+02 4.748524778663656889e+02
4.804296022970920035e+02 4.726366936595579773e+02 4.748524618645648729e+02
4.804295872614335394e+02 4.726366798541798744e+02 4.748524472620827055e+02
4.804295752107193493e+02 4.726366700754043677e+02 4.748524353140810490e+02
4.804295648839881778e+02 4.726366611385536203e+02 4.748524255603599045e+02
4.804295569768278824e+02 4.726366549379483786e+02 4.748524180823412166e+02
4.804295508678885653e+02 4.726366498084286150e+02 4.748524124448266548e+02
4.804295461246144896e+02 4.726366457355821353e+02 4.748524079245222538e+02
4.804295425267947053e+02 4.726366426683604232e+02 4.748524046826266272e+02
4.804295395068845664e+02 4.726366395753678376e+02 4.748524017305198299e+02
4.804295370388348942e+02 4.726366372963113349e+02 4.748523994267432613e+02
4.804295346733941869e+02 4.726366345828795374e+02 4.748523971003858719e+02
4.804295326131735351e+02 4.726366326368854516e+02 4.748523950935619951e+02
4.804295305155109190e+02 4.726366302372875907e+02 4.748523930313478445e+02
4.804295286722590390e+02 4.726366284073751558e+02 4.748523911707368939e+02
4.804295269133149304e+02 4.726366266361939665e+02 4.748523894437935269e+02
4.804295254750408617e+02 4.726366251735517494e+02 4.748523879682119286e+02
4.804295241906211231e+02 4.726366239306452712e+02 4.748523867412607729e+02
4.804295230940174974e+02 4.726366229894479716e+02 4.748523856866865458e+02
4.804295223459394606e+02 4.726366222373607116e+02 4.748523849092762816e+02
4.804295218045917863e+02 4.726366218675729556e+02 4.748523844999837138e+02
4.804295214729609711e+02 4.726366214892981930e+02 4.748523841528140110e+02
4.804295211630123958e+02 4.726366211657568215e+02 4.748523838256099339e+02
4.811237799808383215e+02 4.741152812059035000e+02 4.758980389387199921e+02
4.821476539883610712e+02 4.750903640389270777e+02 4.769321823512996730e+02
4.831998929733860564e+02 4.761059716487293372e+02 4.779562717993778165e+02
4.842452562029504293e+02 4.771151147751761528e+02 4.789833071826452056e+02
4.852730833552225249e+02 4.781064317252513547e+02 4.799968229390174770e+02
4.862573769564639292e+02 4.790629465398278057e+02 4.809503838611582864e+02
4.871879576497698281e+02 4.799680018759344193e+02 4.818543089877670127e+02
4.880623615081593130e+02 4.808191401507085629e+02 4.827026877904384605e+02
4.888446123720594301e+02 4.814842733332973808e+02 4.834717316677096051e+02
4.895091730689515543e+02 4.820316075254168027e+02 4.840387592273302175e+02
4.899344000531307302e+02 4.823282231196163821e+02 4.843991522566275307e+02
4.901905139743852828e+02 4.824860341440492562e+02 4.845936349443824724e+02
4.902781091033322127e+02 4.825203753545386576e+02 4.846277981131390220e+02
4.902721655178598326e+02 4.824803232750060147e+02 4.845930973426499122e+02
4.902013144040864745e+02 4.824245793002069149e+02 4.845114594982484277e+02
4.901173779306675442e+02 4.823692313803140337e+02 4.844470220762203780e+02
4.900329939719767935e+02 4.823200361292924754e+02 4.843970878465019041e+02
4.899635250101478618e+02 4.822461573786102917e+02 4.843310728751252441e+02
4.899195402152913630e+02 4.821968392641571768e+02 4.842880494884468021e+02
4.898912840110774596e+02 4.821776888893759860e+02 4.842679129876439674e+02
4.898807827295714219e+02 4.821765993890098798e+02 4.842633616135171337e+02
4.898708821824386632e+02 4.821774772579069577e+02 4.842594078189550260e+02
4.898634942452337668e+02 4.821747683221483953e+02 4.842532666329184963e+02
4.898497136174810294e+02 4.821677851040633982e+02 4.842404706604557418e+02
4.898318793709150327e+02 4.821483526393494685e+02 4.842198021968700914e+02
4.898075901897989297e+02 4.821261256590897233e+02 4.841916084500853117e+02
4.897768810074279031e+02 4.820976567828437851e+02 4.841603104446392649e+02
4.897460552294494960e+02 4.820682302048729184e+02 4.841280110918795003e+02
4.897155132181616182e+02 4.820420400757602124e+02 4.840979065676758069e+02
4.896892980682728762e+02 4.820199389974013116e+02 4.840723303823001515e+02
4.896669227365853203e+02 4.820027767995763952e+02 4.840513455356042414e+02
4.896495629506165983e+02 4.819884266987791079e+02 4.840348376148033367e+02
4.896354699699335242e+02 4.819776783663832020e+02 4.840218285376164999e+02
4.896244685767288729e+02 4.819684824529076081e+02 4.840116514474983092e+02
4.896161868245753794e+02 4.819622550622603399e+02 4.840040552860158982e+02
4.896095491336444070e+02 4.819571753437089683e+02 4.839983504491496547e+02
4.896042921594249151e+02 4.819531279479185173e+02 4.839934578783014558e+02
4.896001526443848775e+02 4.819503374458734584e+02 4.839897194731597097e+02
4.895975273850785925e+02 4.819485490719998211e+02 4.839871351666660075e+02
4.895959007176948035e+02 4.819476505958051575e+02 4.839854553829059114e+02
4.895953446602590020e+02 4.819473497184313260e+02 4.839845831213988845e+02
4.895953973913530035e+02 4.819477921470019623e+02 4.839844600372853733e+02
4.895959118977293656e+02 4.819484493352223353e+02 4.839848316081429402e+02
4.895967584981053164e+02 4.819492809647903186e+02 4.839854701781156905e+02
4.895977059710452295e+02 4.819501839444078541e+02 4.839863057835142968e+02
4.895987503994563781e+02 4.819511724383535807e+02 4.839872494116157782e+02
4.895997986698097861e+02 4.819520844232677064e+02 4.839882077041172010e+02
4.896008203818693687e+02 4.819529076763802777e+02 4.839891159322712610e+02
4.896016980712427085e+02 4.819536418319880795e+02 4.839899381002861674e+02
4.896024671709787981e+02 4.819542375024201419e+02 4.839906517851069907e+02
4.896031032150509077e+02 4.819547355452293687e+02 4.839912560476296335e+02
4.896036037155197960e+02 4.819551056635996247e+02 4.839917398859580544e+02
4.896039916885279695e+02 4.819553901881861293e+02 4.839921178245999158e+02
4.896042722648579684e+02 4.819555888049819146e+02 4.839924041393001630e+02
4.896044744549074608e+02 4.819557206918684642e+02 4.839926073313384336e+02
4.896045959342772562e+02 4.819557868234479088e+02 4.839927387115898227e+02
4.896046652142510425e+02 4.819558144415088350e+02 4.839928177083039600e+02
4.896046886657085224e+02 4.819558159605705896e+02 4.839928579251553629e+02
4.896046851511919158e+02 4.819557921392867001e+02 4.839928671687476935e+02
4.896046619319378692e+02 4.819557589110765434e+02 4.839928559691751389e+02
4.896046248084567765e+02 4.819557187301974750e+02 4.839928317203393249e+02
4.896045843325632632e+02 4.819556780686810953e+02 4.839928006197005175e+02
4.896045409651398472e+02 4.819556365321649878e+02 4.839927655096196872e+02
4.896045007220737375e+02 4.819555999863734428e+02 4.839927310188353431e+02
4.896044628137148038e+02 4.819555682171700255e+02 4.839926990776621096e+02
4.896044316820670019e+02 4.819555419211558842e+02 4.839926710714197498e+02
4.896044052676768956e+02 4.819555209637443909e+02 4.839926471184749630e+02
4.896043842993222484e+02 4.819555046831997061e+02 4.839926277550216582e+02
4.896043687479115079e+02 4.819554934147366225e+02 4.839926128340409264e+02
4.896043572259695225e+02 4.819554853976811160e+02 4.839926017841024759e+02
4.896043502176493689e+02 4.819554809586783790e+02 4.839925943696048876e+02
4.896043455852617967e+02 4.819554783560702163e+02 4.839925895032162657e+02
4.896043440029655471e+02 4.819554783799353572e+02 4.839925873857529268e+02
4.896043438033825623e+02 4.819554790809099245e+02 4.839925866607283638e+02
4.896043450727936488e+02 4.819554808299908473e+02 4.839925872405636369e+02
4.896043468416720543e+02 4.819554828963329101e+02 4.839925885601049913e+02
4.896043492482037891e+02 4.819554852814579249e+02 4.839925905151954453e+02
4.896043519875610741e+02 4.819554878321464457e+02 4.839925927399255556e+02
4.896043545057910933e+02 4.819554900743265193e+02 4.839925950189625041e+02
4.896043568712756269e+02 4.819554919993088902e+02 4.839925970205941326e+02
4.896043587859805939e+02 4.819554936977697253e+02 4.839925988893822364e+02
4.896043607522096295e+02 4.819554951207298927e+02 4.839926005700469887e+02
4.896043621687508676e+02 4.819554963996391166e+02 4.839926019898218783e+02
4.896043634174889121e+02 4.819554972164414721e+02 4.839926031376465403e+02
4.896043643579600371e+02 4.819554979052376211e+02 4.839926040384032717e+02
4.896043650243817638e+02 4.819554983756318052e+02 4.839926047208766136e+02
4.896043652835710418e+02 4.819554984580456676e+02 4.839926049710622920e+02
4.896043655810314021e+02 4.819554988463842733e+02 4.839926053743484431e+02
4.896043656004463287e+02 4.819554986215838426e+02 4.839926053909288157e+02
4.896043656934833166e+02 4.819554987993049622e+02 4.839926055955530728e+02
4.896043657085463110e+02 4.819554985504042293e+02 4.839926055666290949e+02
4.896043655531553327e+02 4.819554985546133707e+02 4.839926054566694802e+02
4.896043654201034201e+02 4.819554983713297247e+02 4.839926053245817457e+02
4.896043652726037294e+02 4.819554982048717875e+02 4.839926051661388442e+02
4.896043651472708689e+02 4.819554980795462029e+02 4.839926050958733867e+02
4.896043650097963678e+02 4.819554981010397796e+02 4.839926050377608249e+02
4.896043650010082615e+02 4.819554981072002988e+02 4.839926050052920914e+02
4.896043649458309801e+02 4.819554979137499231e+02 4.839926048788049116e+02
4.896043648208209902e+02 4.819554978226443609e+02 4.839926047848265398e+02
4.896043648910890624e+02 4.819554979512926138e+02 4.839926048725246233e+02
4.885922555048820186e+02 4.805766652952652294e+02 4.830514557734069285e+02
4.874658643708846739e+02 4.794865378789560282e+02 4.819282343998929150e+02
4.862460629769165052e+02 4.783709619684426002e+02 4.806683871234789649e+02
4.850395071027855352e+02 4.773094283438778120e+02 4.795276905217783678e+02
4.839458198106033251e+02 4.764258769055846301e+02 4.785406547923945482e+02
4.830244825353875626e+02 4.757631888987417028e+02 4.777494864576134432e+02
4.823375653808735706e+02 4.752401420169121593e+02 4.772083103874841754e+02
4.818743613142737559e+02 4.747911781250234071e+02 4.766529763719879611e+02
4.814018418063098466e+02 4.743161865672825570e+02 4.762642201404367484e+02
4.810969611431370367e+02 4.740038700685903450e+02 4.758934191640365157e+02
4.808709807142245722e+02 4.738424417360813550e+02 4.757441096887037020e+02
4.807728428364985689e+02 4.738476615878068969e+02 4.756703499582973222e+02
4.806899388972680072e+02 4.738021914491731081e+02 4.756239962377536017e+02
4.806814529141399248e+02 4.738316381758208991e+02 4.756189058004661661e+02
4.806915983022660157e+02 4.738572551868152232e+02 4.756372172746748106e+02
4.807705159687134255e+02 4.739466067956005304e+02 4.757131547431361014e+02
4.808410704328452994e+02 4.739958109497944747e+02 4.757759318911304263e+02
4.809301442297702351e+02 4.740756355468598144e+02 4.758542590791007001e+02
4.810007772693550692e+02 4.741355655678097492e+02 4.759322666419837446e+02
4.810831563626990146e+02 4.742069398905767343e+02 4.759999401442889848e+02
4.811529825442133301e+02 4.742687464116823435e+02 4.760744763298285989e+02
4.812203791134492690e+02 4.743229053352814617e+02 4.761354682130041169e+02
4.812639610260392260e+02 4.743534332855190314e+02 4.761800592954383546e+02
4.813051031091304139e+02 4.743883049950514419e+02 4.762201092578205817e+02
4.813250305680654719e+02 4.743962987713771327e+02 4.762386648499860939e+02
4.813443506205340441e+02 4.744133771123665042e+02 4.762568974757459728e+02
4.813484211793241911e+02 4.744086177616873670e+02 4.762602785573014899e+02
4.813509298746386094e+02 4.744118017825820743e+02 4.762623676655305758e+02
4.813489570197932039e+02 4.744081229340902155e+02 4.762623899395761100e+02
4.813458579384687823e+02 4.744041496683522610e+02 4.762575336984688192e+02
4.813427363724462111e+02 4.744017550549413613e+02 4.762555410453395552e+02
4.813382730808402243e+02 4.743963162474142905e+02 4.762494583610614995e+02
4.813343661214890972e+02 4.743936018866306767e+02 4.762464020509638658e+02
4.813295942287231242e+02 4.743878980331460866e+02 4.762407773385106680e+02
4.813246833198762147e+02 4.743837223990216216e+02 4.762359543670563653e+02
4.813206285849162782e+02 4.743798983257878490e+02 4.762316796952442814e+02
4.813161527237920154e+02 4.743760176301741467e+02 4.762272181358090393e+02
4.813133556563799971e+02 4.743738935956495197e+02 4.762246056647398404e+02
4.813105633810439485e+02 4.743713360417009426e+02 4.762219288251926628e+02
4.813090678902540276e+02 4.743703318100457977e+02 4.762205230546558141e+02
4.813080168515696187e+02 4.743694011543016131e+02 4.762195519489836215e+02
4.813074516511490515e+02 4.743688546851057595e+02 4.762188912366407862e+02
4.813073553775450932e+02 4.743688734551276411e+02 4.762188553584858255e+02
4.813073254639440393e+02 4.743686777057047834e+02 4.762187612748420520e+02
4.813076870409591947e+02 4.743691066228229261e+02 4.762191386977448815e+02
4.813081194673114851e+02 4.743694246320810066e+02 4.762195544544222230e+02
4.813086805034013196e+02 4.743699376767446552e+02 4.762201169851228428e+02
4.813093308305480491e+02 4.743705171302151484e+02 4.762207737077708316e+02
4.813098875360367401e+02 4.743709468435791337e+02 4.762213196645506059e+02
4.813105037121857208e+02 4.743715030197170108e+02 4.762219347871524064e+02
4.813109845037402579e+02 4.743718421300706041e+02 4.762223877385321771e+02
4.813114245154633863e+02 4.743722230927721171e+02 4.762228098678525612e+02
4.813117788054835842e+02 4.743724899034883151e+02 4.762231560436522955e+02
4.813120394518923035e+02 4.743726926955925478e+02 4.762233992347511844e+02
4.813122629577524663e+02 4.743728830640582714e+02 4.762236240692928391e+02
4.813123970845049939e+02 4.743729642043558101e+02 4.762237434757007577e+02
4.813125015410663536e+02 4.743730599841815092e+02 4.762238456022097353e+02
4.813125498833883285e+02 4.743730797085386826e+02 4.762238880306151714e+02
4.813125641385626636e+02 4.743730868255725568e+02 4.762238981009197119e+02
4.813125585042398598e+02 4.743730744735624398e+02 4.762238897566763285e+02
4.813125222516088684e+02 4.743730336843594841e+02 4.762238493954365026e+02
4.813124862256407823e+02 4.743730036519434634e+02 4.762238133171274512e+02
4.813124350156787727e+02 4.743729529709830217e+02 4.762237600735952583e+02
4.813123874745374451e+02 4.743729140562134035e+02 4.762237134099789841e+02
4.813123414150225585e+02 4.743728723657106912e+02 4.762236673974026075e+02
4.813122977292496216e+02 4.743728350309623352e+02 4.762236236234514308e+02
4.813122633868916864e+02 4.743728070287900209e+02 4.762235902879130549e+02
4.813122317069828000e+02 4.743727785500636287e+02 4.762235583068029428e+02
4.813122088496041329e+02 4.743727610083744821e+02 4.762235361859874843e+02
4.813121905751495433e+02 4.743727448707215899e+02 4.762235181092802350e+02
4.813121780034786639e+02 4.743727350381834071e+02 4.762235058233488871e+02
4.813121709633805949e+02 4.743727298982404932e+02 4.762234991786829710e+02
4.813121667844002332e+02 4.743727262665414628e+02 4.762234951295640144e+02
4.813121669532860665e+02 4.743727274498396014e+02 4.762234955114202535e+02
4.813121685997080590e+02 4.743727286756285366e+02 4.762234972393823682e+02
4.813121723946104566e+02 4.743727324487645660e+02 4.762235011321124603e+02
4.813121770839061355e+02 4.743727363926911949e+02 4.762235057377711200e+02
4.813121819576365965e+02 4.743727405525071958e+02 4.762235105794724745e+02
4.813121872458434609e+02 4.743727451526801815e+02 4.762235158117766787e+02
4.813121919732830634e+02 4.743727489625037492e+02 4.762235204000061231e+02
4.813121966024965559e+02 4.743727530401773151e+02 4.762235250081276945e+02
4.813122004495325541e+02 4.743727560275609108e+02 4.762235287419323981e+02
4.813122036000445405e+02 4.743727586148453383e+02 4.762235317545083717e+02
4.813122061911505511e+02 4.743727608687435691e+02 4.762235343663382992e+02
4.813122080410972217e+02 4.743727621231218450e+02 4.762235361053458291e+02
4.813122094672303319e+02 4.743727633242468187e+02 4.762235374434452524e+02
4.813122103579430586e+02 4.743727639423760252e+02 4.762235382794037832e+02
4.813122107554127069e+02 4.743727641553109606e+02 4.762235386168122204e+02
4.813122109302581180e+02 4.743727643274713159e+02 4.762235387783256897e+02
4.813122107382284867e+02 4.743727639233615037e+02 4.762235384849552702e+02
4.813122105873509327e+02 4.743727639885072449e+02 4.762235384177095625e+02
4.813122101685839311e+02 4.743727634794303185e+02 4.762235379656387408e+02
4.813122098344921369e+02 4.743727633420181178e+02 4.762235376496846015e+02
4.813122091591744152e+02 4.743727624640555405e+02 4.762235368964920212e+02
4.813122087592302591e+02 4.743727622903869019e+02 4.762235364955693058e+02
4.813122084306116903e+02 4.743727620659045670e+02 4.762235362742392795e+02
4.813122080601900166e+02 4.743727615936890629e+02 4.762235358099857194e+02
4.813122077752688028e+02 4.743727614427339176e+02 4.762235355716301797e+02
4.813122074278512628e+02 4.743727610814427749e+02 4.762235352225945348e+02
4.813122073058867159e+02 4.743727611084705700e+02 4.762235351685913542e+02
4.813122071443554546e+02 4.743727608346379157e+02 4.762235348974943463e+02
